cycle_number,voltage_mean,voltage_std,voltage_kurtosis,voltage_skewness,CC_Q,CC_charge_time,voltage_slope,voltage_entropy,current_mean,current_std,current_kurtosis,current_skewness,CV_Q,CV_charge_time,current_slope,current_entropy,SOH,RUL
1,3.453403295412844,0.050904459498140715,0.6247179120049982,1.347734723819389,0.19410864000000005,545.2642000000051,0.00010745369628749805,0.8271571457554473,0.21297977325174827,0.10543470388952675,0.3562354172870501,1.0943764754152838,0.016054000000000013,255.59350000000268,-0.0012950889538172596,0.8660138711042391,0.9667091818181818,1090
2,3.45348597909091,0.05129111284412202,0.6258872793435999,1.34857086899733,0.1956256300000001,549.8931000000011,0.00011039700679013368,0.8272577115741442,0.20951784099821746,0.10198216978890022,0.28807401650813214,1.0739466168604435,0.01546930000000013,250.5466000000015,-0.0012798557154139578,0.8639083605672135,0.9670820909090908,1089
3,3.452177419999999,0.05092508293290153,0.8092636139685041,1.3962306435758507,0.18965801999999987,549.1669999999867,0.00012944724054915027,0.8203467467831068,0.2062255038181818,0.09742692938241972,0.26203357671721683,1.0581585259395485,0.014923299999999973,245.52019999999902,-0.0012500805278971882,0.8670774954461619,0.9675729090909089,1088
4,3.452334379279278,0.051310993633904296,0.6490849911840737,1.3582644493142415,0.19028069000000014,549.8003999999928,0.00013375521641330936,0.8209143114371394,0.20964025714285717,0.09964064898697521,0.2804324676857197,1.0662956922960614,0.0148644,240.5228000000061,-0.001303074837690066,0.8637028526263881,0.9676741818181819,1087
5,3.451714492792793,0.051298665579801506,0.8015230989039912,1.396053106633475,0.19137260999999994,553.8717000000033,0.00013286769669399652,0.8144927188432413,0.21154677254174392,0.10225631810637056,0.35769413876645206,1.091969554692166,0.01496110000000006,240.57360000000335,-0.0013328150577109753,0.8592005304046492,0.9678682727272726,1086
6,3.451111278378379,0.0509116137333649,0.8149904312049752,1.3995058155551903,0.19155992999999993,554.2523999999976,0.0001306833819424321,0.8176852201069447,0.21156639016697587,0.10314693554827005,0.3707286771667704,1.0964042980130655,0.014968700000000057,240.54379999999946,-0.0013441360950557995,0.8592005304046492,0.9679916363636362,1085
7,3.4505975009009004,0.05061991077803909,0.8318415393543312,1.404359062320523,0.19130245,554.3683000000019,0.000128987125660124,0.8209186914892672,0.2119006768089054,0.10414799990118437,0.3997727150817396,1.1080145279542843,0.01497230000000016,240.5298999999941,-0.0013554732145054417,0.8506504059207421,0.9680713636363636,1084
8,3.4500789810810804,0.050209670070789636,0.8426708068625688,1.406345862926172,0.19206896000000007,554.9017999999924,0.0001270547303452462,0.821537423076469,0.20596582949907236,0.09903546222147884,0.36161003593960617,1.0949026805696163,0.014583399999999802,240.46849999998813,-0.0012911641294280573,0.8578823985793365,0.9682037272727272,1083
9,3.4495661315315322,0.049937726767592484,0.8601000483458501,1.4117694077933556,0.19173116999999995,555.1619999999966,0.00012553524256416967,0.8197137018369615,0.20850340151515154,0.09922049321291657,0.31881064043998464,1.0816267480537065,0.014445299999999994,235.36979999998584,-0.0013228536531215659,0.863082828721705,0.9683760909090907,1082
10,3.4491485612612616,0.049602141110764685,0.87456903126894,1.414946578527633,0.1920968700000001,555.238400000002,0.0001238348680117645,0.8206881076379159,0.20861593428030303,0.10026570531761322,0.36706609099121623,1.0949951021915676,0.014436499999999963,235.4876000000222,-0.001334518060655092,0.8557001695493901,0.9684514545454544,1081
11,3.4490739594594593,0.049544579950559095,0.8698650581463818,1.4132703631634447,0.19198718999999997,555.1894000000029,0.00012377125643313087,0.822119301089445,0.20866849280303032,0.10031780396374997,0.3512880601287205,1.0881227691584008,0.014456199999999919,235.60379999998258,-0.0013353894082342376,0.863082828721705,0.9684455454545453,1080
12,3.4502624071428576,0.05113521514294668,0.8252308927821908,1.4027766581443148,0.19350604000000005,559.3916000000027,0.00013375305858160364,0.8146971092657219,0.20878803011363634,0.10044900010141178,0.3556746876980892,1.092018538070033,0.014461199999999952,235.4641999999876,-0.0013372629258458619,0.8557001695493901,0.9684561818181818,1079
13,3.450095792857143,0.051033376674224515,0.8310643225327357,1.404385366374741,0.19342908000000003,559.4971000000078,0.00013325495693763752,0.8131694728855584,0.20853990151515153,0.10045740764253754,0.3540972100248272,1.093552236721743,0.014435799999999999,235.5047000000195,-0.0013364230321721293,0.863082828721705,0.9684372727272725,1078
14,3.4497572000000005,0.05075343855636912,0.8333333194694994,1.4048085767101686,0.19320606000000007,559.1735000000044,0.00013191940731860713,0.8158913400818463,0.21095063462282404,0.10114152613937687,0.38048284037595437,1.0935625632386419,0.014307499999999918,230.52520000000368,-0.0013746305415621885,0.8550099997129322,0.9684069999999999,1077
15,3.449478520535714,0.05056839612450358,0.838842406932832,1.4058624652367615,0.19307881999999998,559.2174999999988,0.00013103670936949615,0.813521971436688,0.21043028065764022,0.1009639034342323,0.36636603999764583,1.0948203571373467,0.014264400000000066,230.41990000000806,-0.0013725117340315609,0.8550099997129323,0.9684576363636362,1076
16,3.4491469535714283,0.05033149621976627,0.8381659602968075,1.4052976618737987,0.1932334,559.4734999999928,0.00013006377415458227,0.8158480545943725,0.2085454365530303,0.10198881426792235,0.42822292677281304,1.1137425316997118,0.014437400000000045,235.54730000000563,-0.0013540751048212835,0.8511040489480314,0.9684895454545454,1075
17,3.4489585375,0.050190224120391785,0.844830332264352,1.4067244167924322,0.19361026000000003,559.6830999999947,0.00012953190742083105,0.8150792804015033,0.21225457388781424,0.10426920427375007,0.46305232177610156,1.1244852665074947,0.014356900000000117,230.35459999999148,-0.0014132814715406997,0.8550099997129323,0.9684178181818182,1074
18,3.448743224107143,0.04998751665055579,0.8499506311643072,1.4079149274368628,0.1928309399999999,559.0973999999987,0.00012846285071211398,0.817751623457275,0.20670951067193669,0.09664736848972057,0.25330251592917197,1.0482594741172462,0.013715200000000038,225.44469999999274,-0.0013490676028637806,0.8573157579800822,0.9685064545454544,1073
19,3.4488609883928567,0.05011763982214541,0.8437006776680809,1.405987250806332,0.19369671,559.8429999999935,0.00012933643232324103,0.815465883458591,0.211924683172147,0.10396562790141932,0.4437627927699257,1.1180507336292547,0.014348699999999992,230.40339999998105,-0.001409897839413682,0.8550099997129323,0.9684883636363636,1072
20,3.44872061875,0.049979143741151186,0.8449991101160164,1.405925794834896,0.19367596999999992,559.7850000000035,0.0001285882239371649,0.8172114653081569,0.21259969264990325,0.10464668351612315,0.44066168894326996,1.122231537220259,0.01436510000000002,230.46630000000005,-0.0014175285391916969,0.8550099997129323,0.968424818181818,1071
21,3.4485078125,0.049831562950101514,0.8556420875601294,1.4088316372685505,0.19329913999999992,559.7047999999777,0.00012774883331543015,0.8212425260014194,0.20658809664031616,0.0971465915956542,0.2768060393185201,1.0632714867202515,0.013691200000000014,225.4786000000022,-0.0013527749825361958,0.8592040174900669,0.9685111818181819,1070
22,3.4486262857142855,0.04993735668461137,0.8428601955039627,1.4051770936034054,0.19380113,560.0092000000004,0.00012854675924318682,0.8179870004640434,0.20524468754940706,0.09670972020452702,0.270396033005357,1.063048328790063,0.013603900000000113,225.48380000001634,-0.001347155553497165,0.8573157579800822,0.9684488181818182,1069
23,3.448481117857143,0.049784766996126405,0.8525841067361646,1.4073378622066444,0.19352378000000003,559.8300000000163,0.00012762010290459275,0.8223452280683028,0.21158121818181816,0.10472855989638567,0.4690981862371384,1.1268161898116253,0.014337400000000056,230.6142000000109,-0.0014175202362132616,0.8531619159372028,0.9684895454545454,1068
24,3.4484174294642855,0.049738762899183525,0.8513332261158122,1.4071171211023925,0.19348958000000005,559.8448999999964,0.0001272991425515962,0.8208238303411818,0.21383216936758895,0.10464173649851351,0.4233653592903379,1.1120101833577059,0.014163200000000042,225.43929999999818,-0.0014506343664182349,0.851500373136347,0.9684402727272727,1067
25,3.4485402946428567,0.04978152652105455,0.85202349029188,1.4073267718312032,0.19319624999999996,559.5675999999803,0.00012746365842146516,0.8223452280683028,0.2055198764822134,0.09709335246432355,0.2793508388551458,1.0620664013183085,0.013633499999999854,225.4482999999891,-0.0013530531286121475,0.8573157579800822,0.9684641818181818,1066
26,3.448656238392857,0.04985192520284942,0.8518122440231402,1.4071937262311958,0.1932345499999999,559.6686000000045,0.00012773774148488047,0.8223452280683028,0.20535452411067198,0.09674697000978842,0.2530976299689316,1.057116425690517,0.013633199999999901,225.55359999998473,-0.0013479787556527445,0.8573157579800822,0.9685724545454544,1065
27,3.4486381187500004,0.0498124871491989,0.8531766557889293,1.407117821804949,0.19296426,559.5394000000088,0.0001273963852522206,0.8237586997901872,0.2053932,0.09702147450682909,0.26122125681348063,1.0583834781669466,0.013628399999999985,225.47999999998137,-0.0013517098484412669,0.8573157579800823,0.9684534545454545,1064
28,3.4484993383928573,0.04970315766755298,0.8545122088847674,1.4075064793387997,0.1932309000000001,559.5887999999977,0.0001269520521896928,0.8228853862174209,0.20525750612648216,0.09743338342331699,0.29205088000390145,1.069900540662222,0.01359369999999993,225.41380000000936,-0.0013561987277817182,0.8544080655582147,0.9684957272727271,1063
29,3.4482504544642856,0.049479983077747855,0.862542563737092,1.4092837432474519,0.1934797800000001,559.7945999999938,0.00012584712078204764,0.823539458884427,0.20523651679841898,0.097384816394041,0.28555986583803206,1.0643669733410157,0.01361380000000012,225.58400000000256,-0.0013560823999717543,0.8573157579800822,0.9684624545454545,1062
30,3.449074828318585,0.050363627909178574,0.6874719468967894,1.367988861910616,0.1933173800000001,559.803899999999,0.00013269622226860954,0.8248779739954173,0.2076012602020202,0.09799866787516165,0.283689909346744,1.0631858782568289,0.013434399999999957,220.57660000000033,-0.0013947630324764536,0.8588054061388029,0.9683912727272725,1061
31,3.447893667857143,0.049278092113983804,0.8701954892947739,1.4109455858579247,0.19353906999999992,560.0130000000063,0.00012480759038819647,0.8223452280683028,0.2068793311111111,0.0976899662910063,0.32641616487653025,1.076549421392567,0.013408700000000051,220.53750000000582,-0.0013886631358696346,0.856875185306374,0.9684224545454544,1060
32,3.449101838938053,0.05088236351940066,0.8385686072586562,1.4034797387185887,0.19495978999999997,564.0320000000065,0.0001346975805625511,0.8161327992808964,0.20748881797979793,0.09832648410066328,0.3368059069796261,1.0775929460528884,0.013427199999999972,220.43459999997867,-0.0013982079902952569,0.8568751853063741,0.9685246363636364,1059
33,3.450006728947369,0.051717732525870405,0.6558684830792383,1.3591180449463822,0.19448994000000008,563.7572999999975,0.00014110496967961877,0.8167824580768728,0.2065976941414141,0.09828937553468096,0.339656804202213,1.0807995542601596,0.013394700000000093,220.6152000000002,-0.0013961771320715743,0.8568751853063741,0.9683344545454545,1058
34,3.4489494831858414,0.05077424364356628,0.8398792600578617,1.403703887782807,0.19469618999999994,563.9359000000113,0.0001342581627723666,0.8161327992808964,0.20648490909090908,0.09802575538495999,0.3454506880382464,1.078203225449689,0.013381599999999993,220.53179999999702,-0.0013939292390166662,0.8568751853063741,0.968393909090909,1057
35,3.4489053407079644,0.05072788862051596,0.8427641873119898,1.4047843439703767,0.19455947000000007,563.952099999995,0.0001339382359749914,0.8173164616827187,0.20669998848484852,0.09873331886503728,0.3343831594252653,1.0778521359098283,0.013375899999999996,220.43659999998636,-0.0014037752949456102,0.856875185306374,0.9682925454545454,1056
36,3.4488956539823015,0.05070612573703855,0.8441226558164598,1.4050685985775493,0.19476429000000006,564.1146000000008,0.00013378648649416594,0.8166681772694029,0.20863944214876032,0.09810805213799281,0.283751367954177,1.0581170107754179,0.01319350000000008,215.39449999999488,-0.0014300418949391865,0.8484898893542937,0.9683064545454545,1055
37,3.4490148221238943,0.050807472524800376,0.8407211935573162,1.4041123858171443,0.19474964000000006,564.1516999999876,0.00013421608781827548,0.8161327992808964,0.20815143636363634,0.09804305912151119,0.273495816194655,1.0592799239035413,0.013168700000000033,215.48060000000987,-0.0014281178353142904,0.8535038391012301,0.9682969999999999,1054
38,3.449130775221239,0.050933775498662306,0.8400328175210188,1.4040493196465267,0.19461164000000009,564.1153999999806,0.00013486542127859642,0.8161327992808964,0.21064298929292932,0.10258590155707537,0.3864943227133466,1.0970760471346057,0.013631699999999913,220.4673999999941,-0.0014555768391889526,0.8490003488559045,0.9681943636363636,1053
39,3.44910057699115,0.05084555972966779,0.8388448815417586,1.4037506987542834,0.1944616,563.8185999999987,0.00013433334969586064,0.8173164616827187,0.21112051676767674,0.10335842801474755,0.3770560472455129,1.0988524496119432,0.013645099999999966,220.43919999999343,-0.0014660530749511372,0.8460280410468841,0.9681241818181817,1052
40,3.4479569625,0.04936894242445013,0.8652764344222401,1.4094132010719098,0.1933069100000001,560.6462999999931,0.00012536858854639955,0.8225032150816394,0.20752255723140492,0.09736980561176231,0.2541126950492001,1.0514304679856767,0.013127800000000134,215.4873999999836,-0.001419511814972687,0.8615576491073921,0.9680935454545455,1051
41,3.4482005125000006,0.04940390170768444,0.8677539664453828,1.4102668506402685,0.19320132,559.8659000000043,0.00012509164690672198,0.8228853862174209,0.2069651632231405,0.09720528564248573,0.2581207074922762,1.055347157423333,0.013103199999999982,215.63099999999395,-0.001415085891223664,0.8595835596196809,0.9680321818181817,1050
42,3.449337795575221,0.05097478352482479,0.8395492010378933,1.4038933268476412,0.19431783000000002,563.7220000000088,0.00013473386999613267,0.8161327992808964,0.20736107438016527,0.09756727313201342,0.24357103923738865,1.0468813412609403,0.013137299999999907,215.5586000000185,-0.0014224863731067611,0.8615576491073923,0.9680355454545453,1049
43,3.448158517857143,0.049325646275421124,0.870205845403,1.4104069890050908,0.19327103000000012,559.9194000000134,0.00012458782000870894,0.8191812312801676,0.20716611549586775,0.09733190591459627,0.2544337506957852,1.0530988239192791,0.013122700000000043,215.40000000002328,-0.0014190504992536905,0.8565436993604558,0.9681291818181816,1048
44,3.4481467160714283,0.0493259449916236,0.8694205044841685,1.4102376536529193,0.19334673999999996,560.0014000000083,0.0001245518662040383,0.8215034958033081,0.20728365785123967,0.09751755921082841,0.2440105153502956,1.0463697768594395,0.013099599999999878,215.4426000000094,-0.0014223342141859155,0.8595835596196809,0.9680116363636362,1047
45,3.448229316964286,0.04938804788560109,0.8699879667212755,1.4104767597950938,0.1935169499999999,560.1799000000174,0.00012476912949491484,0.8220436539524261,0.20407638121212116,0.0975404610512989,0.33138293336709035,1.077977712755656,0.013220599999999916,220.50740000000224,-0.0013864148587060874,0.8505373575662514,0.968024909090909,1046
46,3.4493123,0.05091521573649245,0.8377677810280941,1.4029940596116126,0.1946431300000001,564.0855999999912,0.00013430516991497422,0.8175024605763003,0.20691895185950407,0.09796183683464336,0.30079381561717655,1.0642643728961412,0.013081100000000179,215.3646000000008,-0.0014274855534386734,0.8595835596196809,0.9680382727272726,1045
47,3.449158116814159,0.0508094611502374,0.8410379714168141,1.4039480082709466,0.19446734999999993,563.9216000000015,0.0001337189769545616,0.8195925500382908,0.20643658780991728,0.09814439810063426,0.27714014366741857,1.058321873480882,0.013063899999999906,215.65789999999106,-0.0014286015585733536,0.8565436993604558,0.9679351818181818,1044
48,3.448958443362832,0.050705599549595186,0.8452258132426409,1.4050164240356748,0.19458158000000014,564.1951000000117,0.00013328644006673434,0.8195925500382908,0.206341239876033,0.09812250553672253,0.2769766051238105,1.0562842441681817,0.01305579999999984,215.5801999999967,-0.0014291941896795168,0.8484898893542937,0.9680265454545453,1043
49,3.4488798973451327,0.05058460529696308,0.8399796615473076,1.4034098011328573,0.1948573600000001,564.2537000000011,0.0001327229840420349,0.8168758461397221,0.2092726154334038,0.09855512515945113,0.23952364466572185,1.046491465858364,0.012904699999999991,210.4655000000057,-0.0014704788814139489,0.8449802513808155,0.9679955454545454,1042
50,3.4488930628318584,0.05061528192959647,0.8394186892243503,1.403402050509636,0.19472502999999997,564.2200000000012,0.00013295013785731398,0.8183837801701427,0.20881555602536997,0.09832741192284351,0.24789781101524966,1.0462065576651294,0.012885400000000047,210.54670000000624,-0.0014671417946639244,0.8532213592940973,0.9679506363636363,1041
51,3.4487326415929207,0.05048497231078437,0.844606728994183,1.4045345635891373,0.19474172999999995,564.1210000000137,0.00013232729804011321,0.8168758461397221,0.20832121564482028,0.09838596243247874,0.2565338171651974,1.0529506516569433,0.012850699999999993,210.42780000000494,-0.0014672780397587892,0.8532213592940973,0.9680123636363634,1040
52,3.4486846823008848,0.05047594093540687,0.8467868008426076,1.4056247907669701,0.19481754000000007,564.3885000000009,0.0001322969247278309,0.8168758461397221,0.20809368837209305,0.09889481082468644,0.3214074054442202,1.0692653918535346,0.012832499999999802,210.48559999998542,-0.0014724287587563722,0.8512013607485326,0.9679884545454546,1039
53,3.4485718141592923,0.050406431859159787,0.8462550941110543,1.4050291602682736,0.19474919999999996,564.3405000000203,0.00013197419703583367,0.8137654744772522,0.20804017040169132,0.09883026305548973,0.32955465786701454,1.07109950928964,0.01284379999999996,210.59189999999944,-0.0014703790474231327,0.8512013607485326,0.9678366363636364,1038
54,3.4486058371681416,0.0504094475699163,0.8467756992417868,1.4051635079300688,0.19506153000000004,564.5436000000045,0.00013196127738901008,0.8119170022419169,0.2077155023255814,0.09872345031712655,0.2945580731295978,1.063004689677423,0.012825699999999829,210.59919999999693,-0.001469821933411329,0.8512013607485326,0.9679746363636363,1037
55,3.4486123407079643,0.050411892592220515,0.8490092547497796,1.4064333851505035,0.19514628999999994,564.7296999999962,0.00013180779770214393,0.8138310857712358,0.21012257727272723,0.0983007644642616,0.22113260423966663,1.0363982027095666,0.01266630000000002,205.52109999998356,-0.0015026905201888465,0.8530669813705145,0.9679203636363635,1036
56,3.4486664911504428,0.050455451890100096,0.8429464394113557,1.4039590076481747,0.19504421000000005,564.6549999999988,0.00013228152463049694,0.8151351357726564,0.20687394418604652,0.09822470601741409,0.24066423668082315,1.0507306665781588,0.012782099999999907,210.64630000002217,-0.0014633700587182088,0.8512013607485326,0.9679491818181817,1035
57,3.448702611504425,0.05046558704061141,0.8427381226355659,1.4041234372978737,0.1949363999999999,564.5731999999844,0.00013223463516178166,0.8143008524657588,0.20681941374207188,0.09810093759370904,0.253258920881545,1.0453806244227912,0.012785900000000128,210.5100000000093,-0.0014639849334217893,0.8512013607485326,0.9678409090909089,1034
58,3.4486253,0.05036277495026708,0.8445274489671455,1.4048423103202448,0.19516337000000006,564.6124000000127,0.00013171003830736674,0.8137654744772522,0.2093261792207792,0.09859609572287552,0.2431090562919147,1.0449394223920914,0.012609400000000104,205.53620000000228,-0.0015056928829904354,0.8509988876214838,0.967690090909091,1033
59,3.448719794690265,0.050441355674864505,0.8432558762022295,1.4043454478776152,0.19510304,564.5911999999662,0.00013203081327496763,0.8151351357726562,0.20850398961038957,0.09816766725361363,0.26647427283449243,1.051119049347258,0.012604599999999966,205.59639999998035,-0.0014980178748064809,0.8530669813705145,0.9677345454545454,1032
60,3.4488208787610612,0.05050332460126909,0.8412063622919494,1.4038123156049787,0.1950148100000001,564.4856999999611,0.0001323513958694688,0.8119826135359003,0.20893674415584415,0.09801817765850986,0.2302244681821648,1.0436047259174008,0.012593899999999936,205.59009999997215,-0.0014965947901018192,0.8530669813705145,0.9676674545454544,1031
61,3.448874449557522,0.050495450483639966,0.8431131174461437,1.4041474187965652,0.1948789700000001,564.3433000000077,0.00013223162335552062,0.8152795919513967,0.20841741515151518,0.09788269108353262,0.2494982639441763,1.0422635326913539,0.01258209999999993,205.63299999997253,-0.0014953825384042675,0.8530669813705145,0.9676033636363635,1030
62,3.4489997380530975,0.05060283063681234,0.843379954676891,1.404098599903291,0.19481284999999993,564.3880999999819,0.00013275307839983623,0.8160415628328245,0.2104804306553911,0.1026748344636709,0.3503782452932378,1.0843527611096964,0.012980599999999898,210.58260000002338,-0.001524546860827051,0.848090806064674,0.9675642727272725,1029
63,3.4489075469026553,0.05048679002059257,0.8474317843170547,1.4055787638824428,0.19428597000000003,563.8241999999736,0.00013214833176884442,0.8180595085415443,0.20869305021645015,0.09863903797863095,0.24430468305401698,1.044476694684613,0.012568499999999982,205.6198999999906,-0.0015056124780895494,0.8530669813705145,0.9675565454545454,1028
64,3.448877477876106,0.050387208296837425,0.8469301552403312,1.4051644058197006,0.19464798000000005,564.0793999999878,0.00013146953348942752,0.8168758461397221,0.20900039134199128,0.09877667842984324,0.2674080192153414,1.0525571969592609,0.012601400000000096,205.49950000003446,-0.0015078765329846068,0.8530669813705145,0.9676018181818181,1027
65,3.4491631876106195,0.05068313801723361,0.8441496640593797,1.4043138506589181,0.19471567000000012,564.3613999999943,0.0001329826818797965,0.8186861229781227,0.20771373268398263,0.09775640478838592,0.20644387395728447,1.0370835932239824,0.012517400000000123,205.49210000003222,-0.001494232690188923,0.8530669813705145,0.9676023636363635,1026
66,3.4491440743362833,0.05059415734530765,0.8376190774278083,1.4025092008223934,0.19475192000000008,564.2633999999962,0.00013253965122886138,0.8168758461397221,0.20783101904761905,0.0984288822742691,0.2779672974553229,1.0554156853548662,0.012520900000000168,205.40090000000782,-0.0015029228599538536,0.8530669813705145,0.9675551818181818,1025
67,3.4492238840707965,0.05060339532757334,0.8387352567395285,1.4023843207469953,0.1951018,564.4464000000153,0.0001325105307457252,0.8145427285362952,0.20805211450216446,0.0985847685943773,0.24896673380503787,1.0514407722746257,0.012558499999999917,205.66829999996116,-0.0015036676889155513,0.8509988876214838,0.9674716363636362,1024
68,3.449439763716814,0.05076391163139607,0.834152942561329,1.4011857647274246,0.19456753000000004,564.0092999999761,0.0001334335555675812,0.8205467141741463,0.20748381883116881,0.0983975996290009,0.23189664887770922,1.0429527933192873,0.012485999999999997,205.60269999998854,-0.0015014685855743153,0.8509988876214838,0.9674246363636362,1023
69,3.449510431858407,0.050809233682565166,0.834968316904952,1.4023678838872609,0.19428257999999998,563.7813000000315,0.00013343853102027942,0.8180595085415443,0.2071759675324675,0.09813223415881585,0.22299798231397538,1.0391112256361403,0.012479100000000187,205.51149999996414,-0.0014993482191885314,0.8509988876214838,0.9673052727272727,1022
70,3.4504500578947366,0.05153248270349658,0.6489018382946035,1.3555580987299092,0.20070549000000004,568.3859999999986,0.00011922575555893361,0.8237359631259035,0.20740079177489176,0.09812799634435487,0.19501020581625417,1.0325974034183958,0.012497200000000097,205.46230000001378,-0.0015003487448036557,0.8530669813705145,0.9672749999999999,1021
71,3.449715980530974,0.05087563234416401,0.8306773572426156,1.4001605178835888,0.19474714999999998,564.1777000000002,0.00013363797874489295,0.815783420185972,0.20930035055432372,0.09792237729663768,0.18487412414340954,1.0250976565419103,0.01229379999999991,200.5054999999702,-0.001534791440168284,0.8563158208623434,0.9672411818181817,1020
72,3.4498726769911507,0.05095338129528131,0.8293920051145047,1.3998250384423436,0.19491248000000005,564.2525000000023,0.0001340133027337808,0.8168758461397221,0.20907248314855875,0.0977139250683313,0.17948688057961926,1.0183596421956553,0.01229900000000006,200.63569999998435,-0.0015313879582663972,0.8563158208623434,0.9671363636363636,1019
73,3.449767595575221,0.05085377780901652,0.8333664207969771,1.4013111649706793,0.19499628999999996,564.3573000000324,0.00013345428237408172,0.8180595085415443,0.20905042505543237,0.09778331058784952,0.19169099244678867,1.0279400443157587,0.012299099999999896,200.6207000000286,-0.0015306180043977416,0.8530535318036626,0.967167,1018
74,3.449650684070797,0.05026130893945938,0.6824061344047294,1.3641002670066638,0.19923422999999996,564.2407000000239,0.00011045878375237578,0.8323876407214496,0.21223515835095136,0.10583017718570968,0.3976767591205568,1.1014815499042068,0.01310100000000003,210.66629999998258,-0.0015686888052820677,0.848090806064674,0.9670909090909091,1017
75,3.449889486725663,0.05096843840982712,0.8297899784815126,1.399938378435473,0.19481665000000004,564.2130999999936,0.0001340021867924144,0.8183837801701427,0.2152705541125541,0.10614611948269521,0.3370174407193405,1.0795890172124314,0.012939699999999998,205.5109999999986,-0.0016149729642969317,0.8509988876214838,0.9671110909090908,1016
76,3.4497891610619464,0.05087279712582231,0.8326995429435406,1.4008154228684329,0.19480990999999992,564.2831000000006,0.0001334952240532093,0.8168758461397221,0.21438612350332592,0.1024006841279028,0.24744957211457574,1.0477064584865787,0.012585199999999963,200.4429999999702,-0.0016020262668984102,0.8422918835663357,0.9672113636363635,1015
77,3.4508778973684207,0.05172778929177126,0.6406355989323242,1.352721148276739,0.20142872999999994,568.9899999999907,0.00012008641498632954,0.8237359631259035,0.2116091036796537,0.10289646290051473,0.32972211668074225,1.0749180356729433,0.012729800000000013,205.55949999997392,-0.0015659397144420413,0.8509988876214838,0.967066,1014
78,3.4496379150442475,0.05066533214125953,0.83621228092463,1.401917960259988,0.19478377000000002,564.3030000000144,0.00013224052723150224,0.816643069803077,0.20876947760532152,0.0982160341626059,0.17708123010543408,1.02301508275079,0.01226689999999997,200.4782000000123,-0.00153958501898368,0.8563158208623434,0.9670629999999999,1013
79,3.449660371681416,0.05078211059079389,0.8257539170341222,1.3982728224791936,0.19484348000000007,564.3078000000096,0.0001336132232705335,0.8183837801701427,0.21356727915742793,0.10243663305657208,0.27591565592986145,1.0577031353605448,0.012521100000000063,200.52939999999944,-0.0015999465558948233,0.8444104186263184,0.9670455454545454,1012
80,3.448788813392857,0.049324603145866314,0.8644173799898685,1.4070607287343977,0.19373706999999996,560.3409000000102,0.0001239477389550941,0.8280074447978645,0.21473987337662334,0.10584145884622914,0.3326640719377991,1.0790410351055966,0.012904400000000038,205.59270000003744,-0.0016098738093015131,0.8530669813705145,0.9670079090909091,1011
81,3.4489397714285714,0.04942585147451299,0.8646286187559604,1.4072370506986147,0.19340891000000004,559.9743000000017,0.00012428922349354613,0.8254980319721141,0.2076783733924612,0.09719364219581199,0.19482908877744887,1.0255479380245838,0.0122023,200.64969999995083,-0.0015224444291508051,0.8530535318036625,0.9669020909090908,1010
82,3.449923029203539,0.05035311614797233,0.6687380977283062,1.3595151013760602,0.20035231999999992,565.1352000000188,0.00011094941829502371,0.8288987278954071,0.21393591060606057,0.10543183774601544,0.3735800937119196,1.0859821382414028,0.012851599999999852,205.4486999999499,-0.0016040047991546303,0.8509988876214838,0.9669393636363636,1009
83,3.4487523312499997,0.049366652730718115,0.8632381501803703,1.406771527914515,0.19379106000000001,560.577500000014,0.00012412723715486595,0.8254980319721144,0.2138914956709957,0.10571668077738304,0.3718834210339388,1.0880801021031925,0.012839600000000173,205.43619999999646,-0.0016077927079023253,0.8393769473434592,0.9670304545454546,1008
84,3.4498528061946905,0.0508626429632269,0.8281775400292837,1.3994085850025273,0.19463180000000002,564.1287000000011,0.00013360168558535244,0.8163187981744785,0.20743390310421284,0.0981487879371918,0.22321153123610804,1.0368348993552319,0.01217659999999987,200.54470000002766,-0.0015358313130720898,0.8509349967436799,0.9668659999999999,1007
85,3.449917625663717,0.05093582402097617,0.8239961307236681,1.3982296907134266,0.19491707999999996,564.3530000000028,0.0001341228092965768,0.8163187981744785,0.2062127844789357,0.09684405562851443,0.16214659140015186,1.0206768626784657,0.012128700000000103,200.5559999999823,-0.0015175453806107713,0.8509349967436799,0.9668720909090909,1006
86,3.450966746491228,0.051725761638246257,0.6339673008779045,1.3504950620231397,0.20130012000000008,568.8150000000023,0.0001202317014112681,0.8237359631259035,0.20691613636363632,0.09770369887675415,0.19940127508904704,1.03115439881349,0.012141699999999922,200.38000000000466,-0.0015309880039535938,0.8541972858023605,0.9668632727272727,1005
87,3.4501280274336286,0.05099229162212946,0.8243515436508764,1.397269131454811,0.19485896000000003,564.3355000000447,0.0001340868935866602,0.8163187981744785,0.20915720045454544,0.09723551346003084,0.15404421066356289,1.0112764898879618,0.011974700000000116,195.4318000000203,-0.0015645808019250206,0.8565391387075986,0.9668993636363636,1004
88,3.450906315789474,0.051651146097944946,0.6388493016785528,1.3519475713683888,0.20147888000000003,568.9393000000273,0.00011960537658785025,0.8237359631259035,0.20651397605321506,0.09784670789796733,0.20116564940450443,1.0343504384656022,0.012125900000000023,200.55199999996694,-0.001531602875934932,0.8509349967436799,0.9668567272727272,1003
89,3.4507528403508765,0.05167567422173021,0.6376501824160079,1.3516366767074697,0.20126123000000007,568.9141999999993,0.00012004328457032519,0.8240573902665319,0.20596869068736143,0.09738836100838286,0.1785839409520622,1.0260311885534472,0.01208980000000004,200.39010000001872,-0.0015267347059666253,0.8509349967436799,0.9669061818181818,1002
90,3.449573387610619,0.05070745478952763,0.8304970397597473,1.3997633113995411,0.19491514,564.6436000000103,0.0001329391875824146,0.8180595085415443,0.2083859127272727,0.09753851844142764,0.1872283684780669,1.0191346945655488,0.011924800000000069,195.54889999999432,-0.0015676539079039228,0.8476799477008207,0.9668793636363636,1001
91,3.449522950442478,0.05064576220680149,0.8278080537702208,1.3984088241989723,0.19498859000000002,564.5814999999711,0.00013276239492470188,0.8180595085415443,0.20839147681818176,0.09759279824578614,0.13153964126257645,1.0104643729292186,0.011920900000000012,195.4489000000176,-0.001569783382692879,0.8565391387075986,0.9668327272727271,1000
92,3.4496151893805314,0.05067100281510578,0.8246476883218787,1.397778818765929,0.19506869000000004,564.638799999957,0.00013287858394593255,0.8183837801701427,0.20835286386363636,0.09754904583813748,0.17229191307696956,1.0182011266852506,0.011933300000000147,195.44170000002487,-0.0015686450996840505,0.8476799477008207,0.9669641818181817,999
93,3.4497802469026553,0.0507226065070104,0.8256164691433723,1.397990366322882,0.19514471,564.6964000000153,0.0001330730945164791,0.8163187981744785,0.20850374204545452,0.09734500737201042,0.16647035861926884,1.0177410803419797,0.011945499999999942,195.44479999999749,-0.0015652675434174282,0.8388207566940428,0.9669759090909089,998
94,3.4511039552631577,0.051750160881761084,0.6288743210112369,1.3479491633824792,0.20155009999999995,569.2259000000195,0.00012055410715284845,0.8240573902665319,0.2084793154545454,0.09713489541128292,0.1458276678962811,1.0087099516531786,0.011936699999999911,195.57699999999022,-0.0015623900861438467,0.8565391387075986,0.966890090909091,997
95,3.4500617442477877,0.050262917131061124,0.6620616787341245,1.3568848602534458,0.2003513899999999,565.1436000000103,0.00011079163107593443,0.8299552113944623,0.21578966585365847,0.10588910230489446,0.3558461352741582,1.0818075208538294,0.012622799999999934,200.41539999999804,-0.0016509986377015436,0.8444104186263184,0.9666988181818181,996
96,3.4492213491071433,0.04944094925500008,0.8502211349869757,1.402382255895435,0.19408332000000006,560.7543000000296,0.00012461413585782341,0.8271401197377496,0.21521768980044348,0.10624046502597942,0.35264742892468837,1.0838006119826815,0.012590499999999949,200.59539999999106,-0.0016541765318484251,0.8422918835663357,0.9666586363636362,995
97,3.4493739892857147,0.04952150260630966,0.8306662615509364,1.396925219125702,0.19390650999999992,560.4390999999596,0.0001251360501109938,0.8299219453901031,0.21522556629711753,0.10635626974422575,0.3657482516105075,1.0872903214528529,0.012592200000000053,200.54310000000987,-0.001655551727611024,0.8422918835663357,0.966575,994
98,3.449422224107143,0.04960175573652601,0.8441777966261887,1.4007631821091706,0.1939314000000001,560.5839000000269,0.00012554073196707402,0.8262000067837098,0.21455220643015516,0.10552407644726695,0.3517549504661108,1.0802083948503935,0.012550700000000026,200.56380000000354,-0.0016443545615362919,0.8422918835663357,0.9665973636363635,993
99,3.4494818473214286,0.049562828363301475,0.8453496680442205,1.4006003025394789,0.19389787000000014,560.5681000000332,0.0001251795592288832,0.827394237599834,0.20746293840909086,0.09691101331433892,0.14915113104344568,1.0136667813964284,0.011883199999999983,195.60960000002524,-0.0015571279260286118,0.8476799477008207,0.9665753636363635,992
100,3.449644261607143,0.049712307421728844,0.8426035153211631,1.4001579553102856,0.19378423,560.6100999999908,0.00012587884200851294,0.82430380115599,0.2141131620842572,0.10566045673964965,0.35230614783470005,1.0807878590368658,0.01253470000000001,200.49170000001322,-0.0016467278887975715,0.8422918835663357,0.9665239090909091,991
101,3.4497043410714285,0.049700776870210406,0.8405259706923771,1.3994667698710805,0.19412458999999993,560.7242999999435,0.00012584287702863023,0.82430380115599,0.214694875,0.10324045717910377,0.27086070562929354,1.051649033722339,0.012265200000000087,195.4480999999796,-0.0016542898494087326,0.8443361014156728,0.9664172727272726,990
102,3.4507841752212394,0.050653048073717226,0.6455884829315712,1.351568971937028,0.20083434,565.5197999999509,0.0001126295857466683,0.8284467705934008,0.21112009933481146,0.10318811008286033,0.30619417300709006,1.0652704445903367,0.012367099999999853,200.50310000003083,-0.0016103103015393822,0.8422918835663357,0.9663967272727273,989
103,3.451892398245614,0.05165673670274758,0.4817250127123893,1.3107457906061755,0.2008463199999999,565.5335000000196,0.00012027168941978008,0.8273751328888187,0.2129252884700665,0.10487118039864936,0.26837230094300235,1.0623798177225519,0.012453200000000164,200.33950000000186,-0.001638071313573268,0.8336487703889914,0.9663703636363636,988
104,3.450997443362832,0.0507546068025249,0.640045710383041,1.3496470503160343,0.2004728,565.2170000000042,0.00011313047201289444,0.8268192145779036,0.2127015951219512,0.1046491023435302,0.33566514220312627,1.077283428349493,0.012451100000000048,200.39139999996405,-0.0016320855573694858,0.8422918835663357,0.966333909090909,987
105,3.4499481946428574,0.04983149691706869,0.8335294706954062,1.3975089507541445,0.19391711999999994,560.5516000000061,0.00012659427067915173,0.82029807210286,0.21294963126385807,0.10472648146791068,0.26766586788973434,1.0614849803555804,0.012453700000000012,200.3979999999865,-0.0016353102670773672,0.8422918835663357,0.9663050909090909,986
106,3.44998245,0.049842294075691865,0.8319660511887705,1.3967421412444396,0.19400695,560.5282999999472,0.00012661909441679214,0.8236492171936052,0.21537198977272726,0.10450478967947034,0.2915759973749701,1.059856780341116,0.012287699999999901,195.437099999981,-0.0016729239005279842,0.8443361014156728,0.9661949999999999,985
107,3.4511070539823008,0.05079782497536896,0.6381161688492396,1.349125744481979,0.20026657000000003,564.929300000018,0.00011341158915421707,0.8332110890399786,0.21516818977272725,0.10444853611625611,0.2733485852751718,1.0584656156047672,0.01227109999999998,195.47709999996005,-0.001671669347658198,0.8421646029791905,0.9662381818181817,984
108,3.451233338938053,0.05086240417783592,0.6380606961991715,1.3488775988146613,0.19990063999999996,564.8001999999979,0.00011351300855585617,0.8299552113944623,0.21514310613636362,0.10418995217021142,0.23802048739356252,1.0482186870528518,0.012285600000000008,195.43780000001425,-0.001669400555917043,0.8421646029791905,0.9662135454545453,983
109,3.4512378672566375,0.05084190270388696,0.6351852976881043,1.347892628796097,0.20072760000000012,565.2556000000332,0.00011350812895732377,0.8268192145779036,0.21516741409090906,0.1043489304808286,0.2717650695323548,1.060800000073281,0.012260699999999902,195.413899999985,-0.0016699066106631096,0.8476799477008207,0.9661789090909091,982
110,3.4511907884955755,0.0507767622224913,0.6381446090390916,1.348673615347013,0.20060078000000003,565.2455999999656,0.00011319758186225146,0.8299552113944623,0.2149925809090909,0.10409446197152936,0.27384114050780495,1.0534371791807158,0.012271200000000038,195.3575000000419,-0.001668105881275089,0.8421646029791905,0.9662319999999999,981
111,3.452135563157895,0.05162789203789293,0.47812983280895516,1.3080596734554735,0.20006603,564.798300000024,0.00012008900369099997,0.8381521858464623,0.21251613126385804,0.10501630954130076,0.2781955382189678,1.0673277186052745,0.01243739999999982,200.421800000011,-0.001638323065461292,0.8422918835663357,0.9662107272727273,980
112,3.4510596433628313,0.05064113383210733,0.6398053486996984,1.3487228621282952,0.20044611,565.0386999999755,0.00011250813523006966,0.8375307482583594,0.21555667727272726,0.10502567954374462,0.29405416686869756,1.0649622902250855,0.01230029999999993,195.5109999999986,-0.0016793984761366099,0.8443361014156728,0.9663351818181818,979
113,3.4499352232142857,0.04968836770784028,0.8336451096546158,1.396383192461021,0.1939631300000001,560.4621000000043,0.0001258819368926701,0.828782979953751,0.2122317558758315,0.10517802303004714,0.3219191920976874,1.0793938585042735,0.0124169999999999,200.37150000000838,-0.0016391128811671404,0.8422918835663357,0.9662325454545453,978
114,3.4507928274336286,0.050527668163081095,0.6413781609907043,1.3494599803309728,0.20096022000000013,565.4896999999764,0.00011228677407943834,0.8363470858565373,0.2116988705099778,0.10558846876261531,0.3855873605160216,1.0920009855713824,0.012383400000000044,200.51010000001406,-0.0016433196789334764,0.8422918835663357,0.9660969999999999,977
115,3.4506398814159294,0.05039832888950527,0.6429222111394846,1.3501482736744828,0.20091912999999995,565.430400000012,0.0001117233726510993,0.8350435426257572,0.21497549886363637,0.10503698516087662,0.29583309638888355,1.0658830423764967,0.012258000000000102,195.33539999998175,-0.0016807146393580336,0.8421646029791905,0.9662468181818181,976
116,3.450628209734513,0.05041091824334069,0.6428307974780667,1.3497406061061816,0.20098802999999998,565.6724000000395,0.00011176184955978365,0.8375307482583594,0.21168504431818183,0.10252923799213629,0.2541139963743131,1.0484200962820012,0.012096600000000013,195.55770000000484,-0.001642115232637479,0.8476799477008207,0.9662158181818181,975
117,3.4506852345132746,0.050465449759419495,0.6433529039306052,1.3495758909765276,0.20064391999999998,565.3646999999764,0.00011204339325818169,0.8366710986412546,0.21133744227272727,0.10277570150705037,0.2672209565089614,1.0569576113054937,0.012052799999999975,195.42369999998482,-0.0016451966039109259,0.8476799477008207,0.966154,974
118,3.450577861946902,0.050346362165721754,0.640604150059342,1.348851553114029,0.20099929000000005,565.6849999999977,0.00011160804861764408,0.8375307482583594,0.21411636409090903,0.10563777034304205,0.3334754107331821,1.0761322460023046,0.012209199999999809,195.53730000002543,-0.001687318415061452,0.8476799477008207,0.9661881818181818,973
119,3.4505925690265484,0.05039104191165133,0.6422647250065436,1.349312880832978,0.20087956000000007,565.5737999999546,0.00011183257700927003,0.836922967672701,0.21352078022727272,0.10499891722708059,0.27485744969384385,1.0625047527330354,0.012166799999999922,195.36469999997644,-0.0016800062631604812,0.8421646029791905,0.9661573636363636,972
120,3.4505360265486726,0.050358980255816525,0.6413103411941465,1.3491392253304946,0.20081673999999994,565.5152000000235,0.0001117735273651212,0.8375307482583594,0.21104762545454542,0.10288676527023818,0.232620777887802,1.0468439629129724,0.012038499999999841,195.4822999999742,-0.0016477301748772032,0.8421646029791905,0.9661396363636362,971
121,3.4504830654867256,0.05031895783912712,0.6454988047807917,1.3507552289040712,0.20084753999999994,565.6046999999671,0.0001115144501265366,0.8366710986412546,0.2132999062937062,0.10245380418385404,0.24749106234515894,1.0460941787601648,0.011845299999999837,190.46059999999125,-0.001683670365282958,0.8478514364691245,0.9661178181818181,970
122,3.450449081415929,0.05034688686793453,0.6423409466172822,1.3492954646513837,0.2006987899999999,565.6469999999972,0.00011192716840681638,0.8336989887966794,0.21242847435897433,0.10223596517558618,0.2552640062086189,1.0505405921488662,0.011823700000000104,190.66240000003017,-0.001677696163798239,0.8478514364691245,0.966026818181818,969
123,3.4502764707964606,0.05023059841717795,0.6426077555025174,1.3495243747673338,0.2009067699999999,565.5625,0.00011144053148565277,0.8366710986412546,0.216090337062937,0.10566097466757167,0.3004948083090815,1.067978388501904,0.011977899999999986,190.51209999999264,-0.0017322418917120775,0.8387650867185832,0.9660632727272727,968
124,3.4504057061946902,0.0503201276123277,0.6348627008295864,1.346980628288824,0.20095174000000005,565.7591999999713,0.00011197301914174007,0.8350435426257574,0.21564479627039623,0.10542820458680639,0.3628366959755631,1.0812514647798015,0.011958799999999936,190.4246999999741,-0.001727378925695469,0.8331083229015266,0.9659771818181817,967
125,3.4504247044247784,0.050316032872560285,0.6361788094259149,1.3472304217633992,0.20098956,565.8430000000517,0.00011192592055678551,0.8375307482583594,0.21514171398601398,0.1052376962111089,0.30930368650187656,1.0680529058800026,0.011935500000000099,190.54970000003232,-0.0017251084507817393,0.8387650867185832,0.9660567272727272,966
126,3.4504870938053096,0.050316781708213555,0.6352625573937725,1.347133324019673,0.20089515999999985,565.6628999999957,0.00011208513502287066,0.8375307482583594,0.21485696386946382,0.10512793009422423,0.29413499220471495,1.061895485613793,0.011914399999999992,190.46790000004694,-0.0017250646830725264,0.838765086718583,0.9659628181818182,965
127,3.450656690265487,0.050464823495243345,0.628687961164839,1.3454931965588417,0.20059435000000014,565.6003999999957,0.00011290734848127137,0.8302794830230611,0.21434842214452215,0.1042843004933875,0.2531481136116178,1.0511816978906634,0.011899000000000104,190.46220000000903,-0.0017128259578918694,0.8478514364691245,0.9659659090909091,964
128,3.4507072849557523,0.050465511984188666,0.6257682518536831,1.3438691324492908,0.20084539,565.5116999999736,0.00011293212145141336,0.8344676608095936,0.21216997039627034,0.10275308866379901,0.2530979271221172,1.0522490478142439,0.011779100000000042,190.4084000000148,-0.0016872219491807442,0.8478514364691245,0.9659128181818181,963
129,3.4509068628318578,0.05057683508753607,0.6241847536721599,1.343451042925127,0.20082509999999998,565.6206000000238,0.00011342671954505034,0.83018850541887,0.2119938025641025,0.10270341077809729,0.3093204191799064,1.0644933582194385,0.01177270000000008,190.48590000002878,-0.001684452943598472,0.8365379088350116,0.9658497272727272,962
130,3.451000697345133,0.05063357494689779,0.6230771092645901,1.3433686233289601,0.20062893000000004,565.5564000000013,0.00011355367610905279,0.8326033084543201,0.21380581351981343,0.10418978138482286,0.30219268593658066,1.0682625197839826,0.011868199999999884,190.46319999999832,-0.0017076382907978303,0.838765086718583,0.9658451818181818,961
131,3.451182042477876,0.050725286219300565,0.6172155492314175,1.3408984029435351,0.20094816000000004,565.685599999968,0.0001141523699480753,0.830239238039285,0.21290817808857815,0.10357706341748087,0.30385794874204963,1.064258220505403,0.011840900000000154,190.47909999999683,-0.001699167058811503,0.838765086718583,0.9657560909090909,960
132,3.4513626336283187,0.05096028656501727,0.6283593850094391,1.3452416626189747,0.1968279300000001,562.686400000006,0.0001149289811896996,0.8323514394228736,0.21261239813519808,0.10323975024417406,0.28168587348996876,1.05908321601021,0.011831799999999948,190.55960000003688,-0.001693740051952024,0.8478514364691245,0.965652,959
133,3.451363971681416,0.05079027759198056,0.611800528470265,1.3394409294129712,0.20082748000000006,565.4553000000305,0.0001146212713342202,0.8325153263948573,0.21227746013986012,0.10313865960300302,0.2925381425554008,1.0626208935685109,0.011801200000000067,190.43419999995967,-0.0016924828558789594,0.838765086718583,0.9656603636363634,958
134,3.4516292982300887,0.05099548617036922,0.6039191301712776,1.3374378880439746,0.20090368999999997,565.6031000000075,0.00011559683503343905,0.8343947514418008,0.21170600559440553,0.10257348956006113,0.2760908423094177,1.0553386818370927,0.011784000000000017,190.42359999998007,-0.0016842961791260908,0.838765086718583,0.9655721818181816,957
135,3.4519274637168142,0.051118514175340385,0.602895151751424,1.3371087521438179,0.2005884699999999,565.1641999999993,0.00011608041600962147,0.8337869708561424,0.21101538158508157,0.1017635820320503,0.2259851375759001,1.0420796272841522,0.011760100000000051,190.47430000000168,-0.001672422525958698,0.8456242585855529,0.9654752727272727,956
136,3.4521385168141596,0.05123608675231273,0.6011157130601128,1.336164365145862,0.20063699999999995,565.1520000000019,0.00011655374645730438,0.8307238834073765,0.20939328391608392,0.10039552037036147,0.17465398762177697,1.0247494915776993,0.011646200000000162,190.5060999999987,-0.0016527336449125801,0.8478514364691245,0.9653521818181817,955
137,3.452239184070796,0.051224390242917216,0.5985604381686502,1.3353057197622233,0.20066738000000006,565.0175000000163,0.00011638611502555993,0.8319075458091988,0.20960217902097897,0.10096670859332023,0.18361267477006038,1.0327857283842705,0.011660999999999921,190.58860000001732,-0.0016595213255371016,0.8478514364691245,0.965340909090909,954
138,3.4523770982300888,0.051353978947123506,0.5970427914675867,1.3349325980214604,0.20047460000000006,565.0273999999627,0.00011695865192741541,0.8337869708561424,0.2091777559440559,0.1004649585141003,0.23279186883812475,1.0423257820601732,0.011626899999999996,190.48560000001453,-0.0016513176075656757,0.8478514364691245,0.9653755454545453,953
139,3.4524566000000005,0.05136691948657401,0.5890361891269404,1.3322934377618516,0.20057946999999987,565.085299999977,0.0001172549155300046,0.8315827674099594,0.20868396363636357,0.10017211103433842,0.16992286272520074,1.0276162456373685,0.011612599999999862,190.52399999997579,-0.001647890522801059,0.8478514364691245,0.9652877272727272,952
140,3.452632055752212,0.051476289336129806,0.5884734276808565,1.3320760709896784,0.20059921000000003,565.0935000000172,0.00011781859706289509,0.8326033084543201,0.208504062004662,0.0995717537660724,0.2326260171473491,1.039907909109669,0.011600000000000055,190.5405000000028,-0.0016370876334957255,0.8456242585855529,0.9652771818181818,951
141,3.4526794079646015,0.05142950358362118,0.5931067268812154,1.3331102943185746,0.20067131000000005,565.0398000000278,0.0001173411940895522,0.831331663993035,0.2089507195804196,0.10034532184146597,0.2171215175708161,1.0388430278007994,0.011615300000000106,190.62330000003567,-0.0016481351345451014,0.8444218505356396,0.9651399090909091,950
142,3.452762284070797,0.05148123187684964,0.586808240217644,1.3312761432778102,0.20064705000000005,565.0271000000066,0.00011762491677003221,0.8332110890399784,0.21140151172248803,0.09977386876171014,0.19273544296292533,1.026326319430818,0.011456600000000039,185.60560000000987,-0.001685093900928326,0.8482044544953619,0.9651795454545453,949
143,3.452857438053097,0.05157371122591072,0.5859145910132599,1.3310727568180618,0.20066383,565.1528999999864,0.00011824305787182272,0.8323514394228736,0.21090386531100477,0.09957825919029711,0.16220465371957138,1.0211526581302952,0.011417400000000022,185.6689999999944,-0.0016811118699952428,0.838878990277701,0.9652806363636364,948
144,3.452764090265487,0.051493241669502074,0.5862521728059007,1.3315240871226464,0.20047811000000004,564.9329000000143,0.00011773234301067072,0.8307238834073765,0.21131844282296652,0.0999253553243479,0.17625305946404746,1.0230429176394318,0.011441999999999952,185.6760999999824,-0.0016869294448851806,0.8482044544953619,0.9652185454545453,947
145,3.452946346902655,0.051532746159671655,0.5781077159952552,1.3285692532813609,0.20057528000000002,564.9197999999742,0.00011812290952518983,0.8319075458091988,0.20795087086247085,0.0999458502331531,0.20673285410453746,1.036906754702769,0.011582599999999887,190.6125999999931,-0.001642012331889601,0.8478514364691245,0.9650576363636363,946
146,3.4532448955752213,0.05177348476801958,0.5751158953185262,1.3273900708879913,0.20051842000000009,564.9260999999824,0.00011924784236864099,0.8323514394228736,0.2126792696969697,0.10373732742445037,0.2568220073387173,1.0571180967664207,0.011815599999999815,190.6032000000123,-0.0017002268091031176,0.8478514364691245,0.9650359999999999,945
147,3.453148212389381,0.05173494772266088,0.5756650862851571,1.3275732107883174,0.20069559999999997,565.0097999999998,0.0001191078299386124,0.8319075458091986,0.20968524760765547,0.09882295224613573,0.1330732353313584,1.0114176636349161,0.011353600000000075,185.58149999997113,-0.0016712478369348672,0.8517242926902543,0.9649211818181817,944
148,3.4528177389380525,0.05155922493917698,0.580811152221747,1.3290741362728953,0.20086616000000002,565.2173000000184,0.00011849524017046501,0.8332110890399784,0.20945560885167466,0.09933878216234487,0.18004606763352138,1.0249656571281685,0.011332400000000131,185.51959999999963,-0.0016780919513808203,0.8272677382321639,0.9650370909090907,943
149,3.4524595185840705,0.05129195480525737,0.5810164575897816,1.3290765274341982,0.20067487000000006,565.0226000000257,0.00011727534046722897,0.8330912082110209,0.20989894784688992,0.10008863279519487,0.1988572067085812,1.031787378490504,0.011364099999999988,185.42460000002757,-0.0016899358462961272,0.8388789902777009,0.9650478181818181,942
150,3.452356192035398,0.051267403866976424,0.5886604865997569,1.3312624173248808,0.20045896000000007,565.0253000000375,0.00011716998151420932,0.8310481550359751,0.20952032583732053,0.09985507160227303,0.1854368913300366,1.0308166902907165,0.011341099999999882,185.5338000000338,-0.0016853327873245696,0.8388789902777009,0.9650686363636363,941
151,3.4523820212389382,0.051288100651384144,0.585368855035604,1.330428411753426,0.2006733100000001,565.1925000000047,0.00011743934825381962,0.8325153263948573,0.20895276315789474,0.09882634595371845,0.16602615411330568,1.0205867502743051,0.011328099999999841,185.50319999997737,-0.001669382546292391,0.838878990277701,0.9649950909090909,940
152,3.452428002654867,0.051315449875501254,0.5865381174995243,1.3306244631316948,0.200453,565.0054000000237,0.00011772791924625833,0.8326033084543201,0.20891553205741628,0.09984430944562132,0.2071006204711141,1.0361029433233948,0.011306700000000003,185.57069999998203,-0.0016836259940381207,0.838878990277701,0.9650674545454544,939
153,3.4524584061946904,0.05134678447720059,0.584965537883547,1.3304518208001104,0.20046381999999996,565.1337000000058,0.00011783083755493153,0.8307238834073765,0.2123943184210526,0.1031820208968505,0.25198683110221376,1.0525321571942545,0.011488600000000071,185.56079999997746,-0.0017372353621406824,0.8365932024498248,0.9650143636363636,938
154,3.4524956840707968,0.051328076789797866,0.5830195873678283,1.3295967977848788,0.20005645000000005,564.5961000000243,0.0001177993060083497,0.83018850541887,0.20898096866028706,0.10009677204622618,0.23206018204265622,1.040631883621061,0.01130270000000011,185.45699999999488,-0.0016889881569998615,0.8388789902777009,0.9649623636363635,937
155,3.452488621238938,0.051292575495553404,0.5841960488630438,1.3295280213977814,0.20045415,564.920999999973,0.00011749839233860088,0.8343947514418008,0.20912776889952153,0.09980947861500046,0.21821231436351507,1.0395200922134697,0.011305299999999852,185.41690000001108,-0.001684230409299047,0.8388789902777009,0.964983818181818,936
156,3.452357636283186,0.05122369057671052,0.5816392761710993,1.32878555808737,0.20058818,564.9194000000134,0.0001173927792579202,0.8350430358551166,0.20854825980861244,0.09990206661175849,0.19451030194989904,1.0363845627171435,0.011289000000000105,185.59540000004927,-0.001684275220522762,0.8365932024498248,0.9649617272727271,935
157,3.452405815929203,0.05121974074637099,0.5820547677306145,1.3289254785049436,0.20049317,565.016900000046,0.00011735833146031882,0.8322318174377972,0.20888303444976075,0.10016113245587305,0.16636001592656147,1.0283928066637138,0.01128830000000014,185.48100000002887,-0.0016905089012410673,0.8388789902777009,0.9649424545454545,934
158,3.452634805309734,0.05136112892731066,0.5760788842794393,1.327214595471586,0.20004823000000005,564.5528000000049,0.00011815968124239814,0.8343947514418008,0.20865788516746409,0.09977925004314248,0.1495464413921206,1.0240217944327736,0.011271999999999949,185.3621999999741,-0.0016856090259516551,0.838878990277701,0.964887909090909,933
159,3.45284477699115,0.051462064604563686,0.5730026695379129,1.3259403605177342,0.20041941000000008,564.8808999999892,0.00011853568633136124,0.8326757110514721,0.21236409401913872,0.10330519633572625,0.2735977533279961,1.0596576655633339,0.011488500000000013,185.60269999993034,-0.0017372709884396213,0.8388789902777009,0.9648419090909091,932
160,3.4530193867256633,0.051545201995196674,0.5707244026577447,1.3248941142625785,0.20052293999999993,564.8811999999452,0.0001189318396279179,0.8337869708561424,0.20770310382775117,0.09936878734681673,0.1934682736197164,1.034185921664222,0.011252599999999946,185.59900000004563,-0.0016752760022624876,0.8388789902777009,0.9647892727272727,931
161,3.4531412946902655,0.051633214298281827,0.5652455645596843,1.3236260244335583,0.20041145999999999,564.7031000000425,0.00011933521447005072,0.8343947514418008,0.21042351547911545,0.09832386982306796,0.13202574578859627,1.0098446973845192,0.011090399999999834,180.61350000009406,-0.0017065818010459596,0.8427958488543708,0.9646409090909089,930
162,3.453357507079646,0.05179575402825147,0.5612684146862934,1.322337193000819,0.20055754999999997,565.0025999998907,0.00012024889762045437,0.83007509222342,0.2093850567567567,0.09814432548456249,0.1679444657617868,1.021022787514983,0.011044900000000135,180.65620000008494,-0.001701537934910135,0.8391808798974542,0.9646621818181819,929
163,3.453409626548673,0.051797125765613225,0.5584678237767471,1.3213974621947318,0.20040437999999994,564.7735999999568,0.00012036965025203185,0.8326033084543198,0.2069304433014354,0.09795124975111273,0.14373319465567613,1.0125113966368755,0.011204400000000003,185.41480000002775,-0.0016573650240098517,0.838878990277701,0.9645936363636363,928
164,3.4535370814159294,0.05188091026825548,0.5575331402132706,1.321258910614443,0.19984100000000005,564.3061000000453,0.00012072171011842444,0.8349706332579645,0.20668778755980863,0.09876062518281944,0.2081011079282833,1.034183440560813,0.011181000000000108,185.61080000002403,-0.0016657052215218874,0.8388789902777009,0.9645247272727272,927
165,3.4525201142857145,0.0504616873947366,0.5987976373931336,1.3308410785424867,0.19947559999999998,560.9632999999449,0.0001111758502640855,0.8357947187816789,0.21319540932400932,0.10695128406196236,0.3521423218435151,1.0897513746261744,0.011840700000000037,190.61170000000857,-0.0017466646979957723,0.8331083229015267,0.9644847272727272,926
166,3.4527793607142856,0.05058947400667945,0.5937303773794502,1.3293173559997267,0.19940954999999994,560.8453999999911,0.00011170774119609146,0.8366985683662502,0.2167333255980861,0.10662379067352414,0.3129895294819196,1.0741803596281925,0.011702699999999844,185.5559999999823,-0.0017907221877330106,0.8388789902777009,0.9644091818181817,925
167,3.45301683125,0.050769294601522894,0.5941449790199789,1.3296208961712315,0.19931995999999996,560.8771999999881,0.00011262791291739804,0.8365293884685902,0.21561904330143536,0.10566883066156164,0.2548298141596179,1.0575931570934414,0.011649400000000032,185.51289999997243,-0.0017777851619224935,0.8365932024498248,0.9644051818181817,924
168,3.453240210714285,0.05083144434167658,0.5733890629259775,1.3235155808251788,0.19931737999999988,560.4227999999421,0.00011302672131817275,0.8352801534276812,0.21609845813397124,0.10611328205455249,0.31105315594278293,1.0700552557339358,0.011678700000000042,185.51270000007935,-0.00178368349501529,0.8388789902777009,0.9643704545454543,923
169,3.4534011223214285,0.05093168751951866,0.5787649084690072,1.3243284212116648,0.19903316000000004,560.6143000000156,0.00011356468162117175,0.8361472173328085,0.21239489277389276,0.1049751092663146,0.3022214587903749,1.0716366478369725,0.011797399999999847,190.56549999990966,-0.001718874401881726,0.8353355007850982,0.9643333636363636,922
170,3.453527186607143,0.05098450685358575,0.571903383301875,1.322264294970057,0.19963399999999987,560.919399999897,0.00011387801558918823,0.8368565553795869,0.21540895861244022,0.10535842780728917,0.3255138671233322,1.075324474975501,0.011630899999999889,185.5444000000134,-0.0017699674924875558,0.8388789902777009,0.9642259999999999,921
171,3.45364611875,0.051086889562946304,0.567186395888895,1.32124611311454,0.19948849999999996,560.8691999999573,0.00011446733811568073,0.835280153427681,0.21464209712918664,0.10491796034821352,0.31065748155961836,1.0691127639723055,0.011592099999999883,185.48519999999553,-0.001764434287237423,0.838878990277701,0.9640948181818182,920
172,3.45373411875,0.0511480592087158,0.5683603133365498,1.321632718214372,0.1992305499999999,560.6593999998877,0.00011468120869955847,0.8349529865166845,0.2148296026315789,0.10514812910502591,0.2945666810508225,1.0650254036195226,0.011603100000000088,185.45300000009593,-0.0017685666785473434,0.8388789902777009,0.9641675454545453,919
173,3.4538695749999997,0.051214882936552485,0.5656598056250486,1.320738575111955,0.19924282999999987,560.7580999999773,0.00011509777860949319,0.8398625651543852,0.21391210239234446,0.10449026725610898,0.2536025593287903,1.053687384121471,0.011556399999999911,185.46230000001378,-0.0017599394504884567,0.8388789902777009,0.9640280909090909,918
174,3.453959748214286,0.05121345367596464,0.5622837921347634,1.3198156153023535,0.19838460999999996,559.7720999999437,0.00011496329742842159,0.8375656322713776,0.21428009688995217,0.10445898474588276,0.24284664665227496,1.0482682948822466,0.011582099999999818,185.5788000000175,-0.0017593238339769653,0.8388789902777009,0.9640756363636362,917
175,3.4540821053571427,0.0513010920153144,0.5581886459754886,1.3184563243920742,0.19909301000000001,560.5039999999572,0.0001154732472628065,0.8381169833048193,0.2144975014354067,0.10538423699836597,0.31310673534350153,1.0719905405403303,0.01160439999999996,185.56720000004862,-0.001770551511657908,0.8388789902777009,0.9639104545454544,916
176,3.4539841419642863,0.051240825697023346,0.5642188656548712,1.3204022842591052,0.1990037200000001,560.1774999999907,0.00011521989048452361,0.8384991544406006,0.2134704351674641,0.10444551936431086,0.26769534350806623,1.057795701267112,0.011532099999999934,185.49140000005718,-0.001757298370297952,0.8388789902777009,0.9639525454545453,915
177,3.453915355357143,0.05119454244566554,0.5602537513756491,1.3188207415450184,0.19924242999999997,560.4784000000218,0.00011499479457517904,0.8384441502158161,0.2133831296650718,0.10493275880255508,0.25980134874559635,1.0579264111770095,0.011529300000000076,185.5570000000298,-0.0017649787471592743,0.8388789902777009,0.9639382727272727,914
178,3.453673563392857,0.05105045895955906,0.5666013324756181,1.3207975713889486,0.19925905999999993,560.5282000000589,0.00011436785801646456,0.8361472173328085,0.2130028674641148,0.10451939890804388,0.26658600613812444,1.0614675800437485,0.011503199999999936,185.44050000002608,-0.0017586992170416473,0.8388789902777009,0.963959,913
179,3.453453670535714,0.05096027771388193,0.5665713798442993,1.320790037763291,0.1992380399999999,560.7321999999695,0.00011420791576302818,0.8353351576524658,0.21195556866028709,0.10449683046229924,0.27493152920895536,1.062959710648468,0.011470400000000103,185.6430999999866,-0.0017565408477033869,0.8388789902777009,0.9640410909090908,912
180,3.453320495535714,0.050841328654109785,0.5654232194709947,1.3202690819996417,0.19926971000000004,560.580900000059,0.0001136882953811287,0.8375656322713776,0.21338967775119616,0.10567300530458272,0.31639671079649334,1.0751867408009297,0.01152299999999995,185.4444000000367,-0.0017755851902667152,0.8388789902777009,0.9639833636363635,911
181,3.453298930357143,0.05086377579252474,0.5638311985225828,1.3196752079338014,0.1992787199999999,560.5518000000156,0.00011403046607777966,0.8375656322713776,0.213125576076555,0.10561197290076817,0.28343496730883055,1.0694062776496251,0.011504499999999807,185.4592999999877,-0.0017752095800218199,0.8365932024498248,0.9639729999999999,910
182,3.4532368696428573,0.050827153098182656,0.5702143025636417,1.321451751092823,0.19869838000000006,560.158000000054,0.00011371914015716724,0.8375656322713776,0.2130202894736842,0.10609283343947154,0.3811866855398933,1.092745036322958,0.011498100000000067,185.58109999995213,-0.0017784837566503103,0.8330733642549324,0.9639194545454545,909
183,3.4531846303571427,0.05073858198451401,0.5678340052397344,1.3204752177618067,0.1994079700000001,560.6875,0.00011349643603843573,0.8361472173328085,0.21307717440191387,0.10595726572130607,0.30568154831552974,1.0751233062914518,0.011500000000000066,185.54790000000503,-0.001778391661844652,0.8388789902777009,0.9639559090909089,908
184,3.4532810544642856,0.05077917395249569,0.5635960788329735,1.3188330702043563,0.1994106,560.5535000000382,0.00011370436502537068,0.8375656322713776,0.2130365289473684,0.10612042556398546,0.333446803801587,1.0835917007881921,0.011488600000000071,185.58929999999236,-0.0017798879280759047,0.8365932024498248,0.9639783636363637,907
185,3.453367461607143,0.05085807477360956,0.5647895478297369,1.3196744892112862,0.19856734999999992,559.9278999998933,0.00011396168720903675,0.8378927991823745,0.21298686100478464,0.10643296640531119,0.3369298226122037,1.0862053004703465,0.011475200000000019,185.48459999996703,-0.001785658657835073,0.8365932024498248,0.9638615454545453,906
186,3.4535098437500005,0.05096407714107457,0.5532024479760134,1.3162585802961848,0.19953642999999988,560.8341999999247,0.00011487364128737167,0.8381169833048193,0.21442338452088447,0.10477630029089843,0.25312201118990174,1.0586643063573844,0.011252400000000051,180.44579999998678,-0.001809725815369415,0.8391808798974542,0.9636654545454545,905
187,3.4536030535714284,0.05105013656137231,0.5517016614772983,1.3160316352822394,0.19930205999999995,560.625699999975,0.00011526263736166268,0.8395353982433882,0.2110127437799043,0.10458992110998967,0.30200987105106414,1.0707636552484823,0.0113850000000002,185.4138999999268,-0.001758712544190194,0.8365932024498248,0.9637148181818181,904
188,3.4535558214285706,0.05101825561480296,0.5512865061163374,1.3157918203197387,0.19952638999999994,560.8591000000015,0.00011513622736952997,0.8390758371141751,0.21385355945945944,0.10473743105116133,0.26059378031051006,1.0571541200812666,0.011230300000000026,180.60720000008587,-0.0018080550821762316,0.8272558102290647,0.9637543636363635,903
189,3.4534366508928573,0.05092865149009405,0.5544594034170212,1.3168238539577017,0.19944748999999995,560.8678000000073,0.000114705735840135,0.8381169833048193,0.21346612948402946,0.10449879693151148,0.3055096241702646,1.0745640347075769,0.011200199999999993,180.60560000000987,-0.0018013490671742983,0.8296033761063428,0.9637311818181818,902
190,3.4534862883928574,0.05102886429371909,0.5492608556906058,1.3154215995465601,0.19940961000000001,560.8640000000596,0.00011538631333212008,0.8384441502158161,0.21274114299754296,0.10432903580155632,0.2972870313243603,1.0679206249687485,0.01116510000000015,180.5099999998929,-0.0018007310809529937,0.8296033761063428,0.963720909090909,901
191,3.4534893794642856,0.050933773073525875,0.5512072519572397,1.3157174273587313,0.19930115000000004,560.4450000000652,0.0001148668705702603,0.8381169833048193,0.21266713832923828,0.10425839768733543,0.2929688975990121,1.064642662625276,0.011170300000000077,180.51370000001043,-0.0018006207116807234,0.8391808798974542,0.9636985454545454,900
192,3.4536688830357143,0.05105013135227278,0.5442876216092625,1.3135272075497095,0.19915156999999994,560.4612999999663,0.00011553118349873146,0.8381169833048193,0.2121089442260442,0.10373859330179527,0.2313362246207804,1.0480743506407595,0.011154099999999945,180.53960000001825,-0.0017937006927136077,0.836833314020176,0.9636733636363636,899
193,3.4538408598214283,0.05113986837698194,0.540021350353161,1.3118764401320544,0.19929691000000005,560.5662000000011,0.0001158348032660042,0.8388263213515976,0.21318491081081076,0.10421324311563665,0.260895376802623,1.0593422659579428,0.011203700000000039,180.54790000000503,-0.0017995455840345961,0.8391808798974542,0.9635784545454544,898
194,3.4539993678571435,0.051243029527987156,0.5335522173756622,1.3098734414937805,0.19932530000000004,560.7110000000102,0.00011658275806495604,0.8407296290595127,0.21232604029484028,0.10387113557220314,0.24163475965565473,1.0505248001152763,0.011140599999999834,180.44229999999516,-0.0017962504536750276,0.8296033761063428,0.9634630909090909,897
195,3.454096430357143,0.05132229649058528,0.5383110412482437,1.3119443271838171,0.1991855899999999,560.6156999999657,0.00011689352454518663,0.839693385256725,0.21258244471744472,0.10427576776943769,0.2983454691719851,1.0672598686363397,0.011155800000000049,180.51740000001155,-0.0018001313994645083,0.8176783064379534,0.9635378181818182,896
196,3.454226910714286,0.05136939771313945,0.5279880537902133,1.3086800905758527,0.19937185000000002,560.7477000000654,0.00011718172836076375,0.8411602900544398,0.20929971818181814,0.10139438287749376,0.21690501058927403,1.0440435982557414,0.010994100000000007,180.52710000006482,-0.001754372487714452,0.8355659109405377,0.9633955454545453,895
197,3.4544002687499997,0.05150929505928353,0.5241724709547224,1.3077875747525762,0.19927939000000006,560.6058000000194,0.00011801728136534002,0.8388516529917303,0.21196286843434342,0.10057197118192104,0.16740768961676977,1.0234751740559669,0.010820500000000122,175.47979999997187,-0.0017923415741678405,0.8237197667408244,0.9633972727272726,894
198,3.454325735714286,0.05139505966869933,0.5268295571529373,1.30830874432654,0.19901750000000007,560.3398000000743,0.00011739311346067592,0.8388516529917303,0.21234631363636358,0.10105361217266735,0.13681814497627443,1.0134195592455073,0.010848799999999992,175.49439999996684,-0.001802393829461583,0.8434068578669974,0.9633041818181818,893
199,3.4545033437500003,0.051535153744198335,0.5249718798962322,1.3075489200341393,0.19879987,560.2900999999838,0.00011805014031824855,0.839693385256725,0.21251843955773952,0.10483097326395267,0.2811366564386746,1.0658863317369922,0.011141500000000137,180.42539999994915,-0.0018103720207801762,0.8296033761063428,0.9632787272727271,892
200,3.454654890178571,0.051585088268587945,0.5236198839431476,1.3069367069706725,0.19897337999999987,560.3521999999648,0.00011818705428105244,0.8388516529917303,0.21234797248157244,0.10409019351024978,0.2025726972438524,1.0456244108652522,0.011159099999999977,180.4368999999715,-0.0018009451800775349,0.836833314020176,0.9632982727272728,891
201,3.454795295535714,0.051638510926886705,0.5248015168397928,1.3072795258848575,0.19889637000000004,560.2893000000622,0.00011848951374522972,0.8410567959705094,0.21388038648648644,0.10546884149772272,0.3195258810805912,1.071796711681718,0.011205600000000038,180.40850000001956,-0.001820800740701582,0.8272558102290647,0.963266,890
202,3.4551909035714283,0.05188941016104583,0.5161764105806794,1.3045621888581982,0.19906658,560.5497000000905,0.00011973797186815797,0.8349529865166843,0.20805849336609333,0.09987295694040486,0.172241979066456,1.032061212545676,0.010927299999999862,180.47019999998156,-0.0017307349920248486,0.8391808798974542,0.9631875454545454,889
203,3.455543432142857,0.05210329502958731,0.5016028221667015,1.3003216949358471,0.19881441999999994,560.1217999999644,0.00012083108550470707,0.8353351576524658,0.20781570909090905,0.09941319099267105,0.13263480827478658,1.0169678225492906,0.01091120000000001,180.37429999990854,-0.0017258919987519176,0.8391808798974542,0.9630554545454545,888
204,3.454534465765766,0.05070553425522791,0.5586919976205382,1.3134387279390107,0.19807349000000007,556.267200000002,0.00011111163074318094,0.8392236042235581,0.21459292776412772,0.10554547590853847,0.22174945921610112,1.0513414450241003,0.011258199999999885,180.4244999999646,-0.001824642020317229,0.8391808798974542,0.962936,887
205,3.454776202702703,0.050818548281519944,0.5530515355843075,1.311607439954964,0.19786209999999993,556.1110000000335,0.00011163969184808852,0.8417313598299776,0.21746148624078623,0.10833561401207786,0.2544984850376215,1.063658515932548,0.01140399999999997,180.4435999999987,-0.001870005096220499,0.8296033761063428,0.9628398181818182,886
206,3.456021550892857,0.05198264724191598,0.40444730392433614,1.275070174382181,0.19790055000000006,556.1156999999657,0.00012047309370519974,0.8411483247197502,0.21701710687960685,0.10768228403466584,0.25253089535418116,1.0602928435044072,0.011384200000000178,180.42660000000615,-0.0018601962245262376,0.8296033761063428,0.9628133636363635,885
207,3.455118697297298,0.05102324535939825,0.5427622757889248,1.308856678936244,0.19782997999999996,556.0594000000274,0.000112641561889786,0.8411443223554959,0.21683794078624075,0.10765591171296884,0.27963012255200637,1.065227444234471,0.011371100000000078,180.4440000000177,-0.0018590120830436342,0.8296033761063428,0.9628022727272726,884
208,3.4552536216216208,0.05105967566917326,0.5360746581212235,1.3065806129288633,0.19795474000000013,556.0327999999281,0.00011280351740703089,0.8396762753297407,0.21712246830466828,0.1076559580738688,0.2455923386017047,1.059427539172606,0.011390099999999848,180.4189999999944,-0.0018596617667443129,0.8391808798974542,0.9627484545454544,883
209,3.45526428018018,0.05106116422875044,0.5422267902818283,1.3082472901546618,0.19795909000000012,556.0550999999978,0.0001127234768666608,0.8399648925562971,0.20649702162162162,0.09876029209388014,0.1537348628375903,1.0315975219305231,0.010847999999999969,180.44309999991674,-0.001709988354098425,0.8391808798974542,0.9627340909090909,882
210,3.4551774036036034,0.051071498521427484,0.542952131497386,1.30864410780667,0.19757710000000006,555.7596999999369,0.00011286596334011441,0.8429363494822831,0.21630067813267811,0.10734959236564123,0.2512858758984615,1.0599768197275976,0.011354499999999934,180.44530000002123,-0.0018540447014764694,0.8272558102290647,0.962745909090909,881
211,3.4548881162162166,0.05092744165186127,0.5480943440267669,1.3101688852116127,0.19766596000000014,555.8845999999903,0.00011239463452394845,0.8420870340437298,0.214091499017199,0.10631153222382773,0.29081825480737855,1.0755956314694226,0.011210900000000024,180.46389999997336,-0.0018323494291618667,0.8272558102290647,0.9627516363636364,880
212,3.4545251882882875,0.05073347696261447,0.5562529990267802,1.3123002642769448,0.1976406300000001,555.8950999999652,0.00011150896646127326,0.8387599029039915,0.21266970958230963,0.10579597357893833,0.3322139696209452,1.087870907489466,0.011161399999999988,180.4645999999484,-0.0018216713279809553,0.8296033761063428,0.9626960909090907,879
213,3.455561626785714,0.05200883373525193,0.4959786922583591,1.2975916294056398,0.19914180999999997,560.0184999998892,0.00012096852223861663,0.837433238053161,0.20896279494949493,0.09987679076809391,0.17421540996795182,1.029481613223,0.0106541,175.49719999998342,-0.0017780764621424879,0.8335633123039109,0.9627555454545452,878
214,3.455587132142857,0.05206410188236203,0.4947140350794097,1.2969650760395128,0.19925924000000006,560.3162000000011,0.00012132426713977435,0.83652938846859,0.207734696969697,0.09940547287431759,0.18374428726816472,1.0338507175386014,0.010617100000000157,175.45140000001993,-0.0017692044722260939,0.8298479275426355,0.9627556363636363,877
215,3.455571713392857,0.052057348703906256,0.49191540065003503,1.296398308605265,0.19923778999999997,560.2619999999879,0.00012144267173583885,0.83652938846859,0.2146672222222222,0.10476633018986696,0.2601257142326183,1.0610106563217507,0.010947900000000121,175.5573999999324,-0.0018579259618228521,0.8298479275426355,0.9627633636363636,876
216,3.4544388846846847,0.050686504506082544,0.5453213839379454,1.3094472467951113,0.19777531000000004,556.1920999999857,0.00011207214208639994,0.839964892556297,0.20672964217171716,0.09847531873283165,0.17552006690161237,1.0288879572687821,0.01057650000000021,175.46830000006594,-0.001753787932316941,0.8261325427813601,0.9626402727272727,875
217,3.454453127027027,0.050667136374501695,0.5453351005233484,1.3088428328666235,0.19793285000000005,556.2617999999784,0.00011181784327092095,0.8399648925562971,0.2073616053030303,0.0985497094018492,0.11707604990695364,1.0134233051346946,0.010578100000000035,175.4489000000758,-0.0017571402597699188,0.8298479275426355,0.9627083636363636,874
218,3.455665114285714,0.052041629937221195,0.46835808737408247,1.2900884223384643,0.19919224999999985,559.8496999999043,0.00012151536083579731,0.8359527057950157,0.2086807015151515,0.09986120811338718,0.1019259925878373,1.0139411782884844,0.010667599999999888,175.6103000000585,-0.0017774461111250918,0.8298479275426355,0.9626323636363636,873
219,3.455612557142857,0.051986357003504347,0.4778215778803365,1.2921695532895519,0.19894963999999993,559.7091999999247,0.00012116889431133796,0.8359118403260403,0.21401060101010097,0.10506006783007818,0.24550627792713664,1.0559291000290436,0.010891699999999949,175.29689999995753,-0.0018675197781513942,0.8261325427813601,0.9625770909090909,872
220,3.4556519839285715,0.05205345594580193,0.4789462841320056,1.2924884218024721,0.19916447000000004,560.0381000000052,0.00012165924240817468,0.8389543746252947,0.20737472095959594,0.09968118789606112,0.14915488912259134,1.0263559707747592,0.01057920000000001,175.35860000003595,-0.0017761161242059347,0.8274351515020997,0.9625653636363637,871
221,3.456466374336283,0.052840629463499836,0.33049897523614336,1.253800323509632,0.1992261099999999,560.2759999999544,0.00010837894822452892,0.8380772200791157,0.20648555505050503,0.0987696431730524,0.1825692565084096,1.034263401336393,0.01054490000000019,175.39769999997225,-0.0017581370997748185,0.8298479275426355,0.9626223636363637,870
222,3.4553503776785712,0.0516576639205545,0.394966432312283,1.2718420413500495,0.19792995000000002,556.1986000000034,0.00012019256013207575,0.8411483247197502,0.20911125454545454,0.09834004389644437,0.09712331647435013,1.0048202023499797,0.010367200000000132,170.39399999997113,-0.0018049663784039445,0.834130892832928,0.9626480000000001,869
223,3.4543762315315325,0.05060967467804942,0.5364260689763687,1.3060139096369456,0.1980459699999999,556.1353999999119,0.00011198031286485767,0.8399648925562971,0.21353829090909093,0.10471995427739297,0.2074591727276629,1.0533893868686164,0.01087820000000006,175.38120000006165,-0.0018595213544987045,0.8298479275426355,0.962513909090909,868
224,3.4547494558558562,0.050849296579780615,0.5232814316273737,1.302459738135992,0.19802449999999994,556.2229999999981,0.00011327128276854794,0.8417569196830844,0.21684624772727268,0.10751014539831831,0.29531769316175405,1.073490209372827,0.01102420000000004,175.40439999999944,-0.0019052465154952548,0.8298479275426355,0.9624502727272726,867
225,3.4548197891891896,0.050836842690971766,0.5300585050760267,1.3044527049053274,0.19749081999999996,555.6355999999214,0.00011299716541571589,0.8461544105990937,0.21377468131313127,0.1051392594669083,0.3231468040251211,1.078448707752116,0.010873399999999922,175.41619999997783,-0.0018631247860426954,0.8298479275426355,0.9624486363636362,866
226,3.4547434774774772,0.050730934762831546,0.5329074585318825,1.3047869949688258,0.19795169999999995,556.0127000000793,0.00011251389241924511,0.8420870340437299,0.21735476085858585,0.10864838777193613,0.3204711421306956,1.085840141015034,0.011043399999999925,175.40630000003148,-0.0019229818702296913,0.8298479275426355,0.9623972727272727,865
227,3.455727636607143,0.05174590390746092,0.39135452259929027,1.2697287678727538,0.19788899000000004,555.9170000000158,0.00012055305964331329,0.8411483247197502,0.20902931532467528,0.09903682663371888,0.24217957030602522,1.044445770018626,0.010352899999999998,170.42869999993127,-0.001812241354679012,0.834130892832928,0.9623165454545454,864
228,3.4547839459459455,0.050815774439421264,0.5240067146530736,1.3025338806517626,0.19809511000000013,556.1619000000646,0.00011317290434523716,0.8417569196830844,0.20732813948051945,0.0973236910726204,0.11490340674203914,1.0090144387139228,0.010294200000000142,170.41759999992792,-0.001785956294035236,0.834130892832928,0.9623301818181818,863
229,3.454808066666667,0.05080711982744927,0.5235016270762913,1.3023431219461836,0.19790241000000008,555.9861999999266,0.00011313791239990752,0.8461544105990937,0.2078635509090909,0.09787210702356751,0.17650671482488622,1.0228184440587476,0.010298600000000047,170.3518000000622,-0.0017949219431840984,0.834130892832928,0.962186,862
230,3.4550087927927917,0.05100585390153445,0.5119429102177318,1.299248246964451,0.19818092999999992,556.4144000000088,0.00011436853683604659,0.8405519300307789,0.21451582146464643,0.1067085911963465,0.29890970238995473,1.0799383020573317,0.01091960000000003,175.37369999999646,-0.0018897735792824059,0.8261325427813601,0.9621989999999999,861
231,3.454992515315315,0.05097161889912357,0.5146089390892485,1.3000592699370221,0.1981216400000001,556.2730999999912,0.00011412541449680868,0.8417569196830844,0.2138295866161616,0.10638609529928371,0.3120971617745121,1.076082348097012,0.010913900000000032,175.436699999962,-0.0018857858138724664,0.8274351515020997,0.9622559090909091,860
232,3.4550109252252255,0.051009350043116373,0.5163822014843236,1.300578848888626,0.19786075999999997,556.1183999999193,0.00011435171508264343,0.8387599029039916,0.20599474389610387,0.09625341733116104,0.10900757283312368,1.006254306418732,0.01024399999999992,170.51369999989402,-0.0017658500567942351,0.8303093542213305,0.9622306363636364,859
233,3.45492237027027,0.05089423825999917,0.5147582428562028,1.2996481749382165,0.19816245,556.1796999999788,0.0001138892010310721,0.8399648925562971,0.21269075151515152,0.10541298404657264,0.28018010650274006,1.0718631209586198,0.010824100000000003,175.34389999997802,-0.0018694714374462643,0.8298479275426355,0.9622043636363636,858
234,3.4550473,0.05095749067833627,0.5060473567981894,1.2969999722602066,0.19883399999999996,556.7145999999484,0.00011441728743708551,0.8405519300307789,0.21383469166666663,0.10621689113433395,0.29204693193253206,1.0728923607473024,0.010905699999999907,175.2900999999838,-0.0018843131565743185,0.8298479275426355,0.9621735454545454,857
235,3.454997501801803,0.050900333820126965,0.5134044218187488,1.2990028703259215,0.19781165999999994,555.8164999999572,0.00011395083675784878,0.8399648925562971,0.2143863936868687,0.10703513447299351,0.3199050410399269,1.0802395970909742,0.01093349999999993,175.37129999999888,-0.0018960212495136922,0.8298479275426355,0.962104,856
236,3.4550278486486494,0.050959909533161235,0.5112607810901766,1.298203475343375,0.19776616999999996,555.9165000000503,0.00011426510785231519,0.8399648925562971,0.21398697373737371,0.10627397234026172,0.2877219127795163,1.0745955958480318,0.010909999999999975,175.41440000000875,-0.0018830033566809123,0.8298479275426355,0.9620665454545453,855
237,3.4552104306306304,0.05108095831880957,0.5016673865469676,1.2958333300228833,0.19774707000000002,555.9039000000339,0.0001151961478199505,0.8387599029039916,0.21346852676767675,0.10624985843665219,0.31476997574509014,1.0809907840153168,0.01087299999999991,175.44549999991432,-0.0018811605508169853,0.8298479275426355,0.9620537272727271,854
238,3.455311327927928,0.05111547791587053,0.49744418385477207,1.294601884517446,0.1979250800000001,556.0346999999601,0.0001154838116882417,0.8387599029039916,0.2130339272727273,0.10603511305270756,0.3243317155897385,1.086644148886273,0.010859500000000022,175.4525999999605,-0.001876220345778039,0.8298479275426355,0.9620093636363636,853
239,3.4554464009009016,0.051182664058822415,0.4932437587375693,1.2934506839425977,0.19796314000000004,555.9607000000542,0.00011578690749014434,0.8404183430718577,0.21597210025974026,0.1056269746748663,0.2868117225673581,1.068873043370651,0.010692299999999877,170.44640000001527,-0.0019260102850980384,0.8201845644992987,0.9618781818181817,852
240,3.4556405315315315,0.051303888702557074,0.49134297144753836,1.2928266952913532,0.19769004999999995,555.8885000000009,0.00011639818521937949,0.8399648925562971,0.21222511338383837,0.10544594060870678,0.2786441370483459,1.0735383175058615,0.010796699999999992,175.37079999991693,-0.001868028788486923,0.8274351515020997,0.9618368181818181,851
241,3.4558839405405406,0.05143709334755923,0.4873299041327952,1.291873709158228,0.19776859000000013,555.9135000000242,0.00011689739252028455,0.8411698822086026,0.2117690303030303,0.10499878941484025,0.31525372439360577,1.0750551045160028,0.010790199999999972,175.50809999997728,-0.0018603949974630286,0.8298479275426355,0.9617956363636363,850
242,3.4559782009009012,0.05147035375888372,0.48901523644162515,1.2921518965935699,0.19740154999999993,555.43479999993,0.00011699896450279304,0.8411698822086026,0.211882104040404,0.10487441109541956,0.25199138778621766,1.0638439750450361,0.010800300000000096,175.54749999998603,-0.0018584309219902902,0.8298479275426355,0.9618065454545452,849
243,3.4560596378378388,0.05153914888940614,0.48252032218723917,1.2899490859617517,0.19816351,556.1829000000143,0.00011753335587364342,0.84296190933539,0.2115686694444444,0.1048507494761419,0.29676188658357905,1.0717667668596926,0.010787899999999961,175.47160000004806,-0.0018585620945627372,0.8298479275426355,0.9616704545454544,848
244,3.455877745945945,0.051408126049255515,0.48548323930102466,1.2908610821030335,0.19786608000000006,555.9738000000361,0.00011694658224103825,0.84296190933539,0.21401227376623377,0.1042988215529426,0.2509639386346936,1.0516565107510458,0.010604600000000186,170.39809999999125,-0.0019064317518696786,0.8303093542213305,0.9617282727272727,847
245,3.455861707207207,0.05140077478740906,0.48319632397487267,1.2900245072478556,0.19790883999999997,555.9235000000335,0.00011697844171485148,0.8411698822086026,0.21134462020202016,0.10479624368194067,0.2846700064624472,1.0725828928114964,0.010753599999999919,175.44160000002012,-0.0018573123540890884,0.8298479275426355,0.9617750909090907,846
246,3.4559144774774784,0.05140209556498943,0.48409233192571843,1.2898983054305682,0.19814036999999995,556.1583999999566,0.00011677110679808662,0.8416335835281691,0.21216673298701297,0.10311777309569597,0.23976096449755335,1.054516203859619,0.01050949999999995,170.42920000001322,-0.0018833452520974508,0.834130892832928,0.9617196363636363,845
247,3.4559814369369364,0.051439460690138945,0.4805694009102832,1.289169632196436,0.19753943000000007,555.5039999999572,0.00011711324445778755,0.8428283223764688,0.21045780277777776,0.10412561010796609,0.2837080196489703,1.0665129516337037,0.010756199999999883,175.4112000000896,-0.001846620620054003,0.8298479275426355,0.9616226363636362,844
248,3.456218272072072,0.05158164760989068,0.47129176576578047,1.2867475375184876,0.19799760999999994,555.8155999999726,0.00011816521513089841,0.8411698822086026,0.21131331064935063,0.10253291313908514,0.23142854442979743,1.0485081158570853,0.01047039999999999,170.4267000000691,-0.0018736127062416378,0.8303093542213305,0.9616218181818181,843
249,3.4562871027027033,0.051603650374967655,0.4710775408763297,1.286669527840125,0.1977873400000001,555.6810999999288,0.00011813705789307915,0.8411698822086026,0.2108320366233766,0.10147977007498393,0.1462671727650866,1.0251235106534964,0.01046579999999997,170.38099999993574,-0.001858545899724436,0.834130892832928,0.9614787272727273,842
250,3.456283634234234,0.051643859574325345,0.47192692679923365,1.2869159665394776,0.1978715299999999,555.8154000000795,0.0001183267891597264,0.8411698822086026,0.2136064766233766,0.10450425901837673,0.22194573039642496,1.051660348494888,0.010601400000000094,170.58910000009928,-0.0019066576060256654,0.8303093542213305,0.9615072727272727,841
251,3.4562801774774767,0.051642186400529505,0.4695689915186314,1.2861803986830234,0.19799021999999988,555.8865000000224,0.00011864863035902975,0.8449494209467882,0.21025312,0.10161383673511609,0.1803814779633215,1.0365508058575048,0.010414099999999982,170.3127000000095,-0.001859951059520165,0.834130892832928,0.9614729090909089,840
252,3.456322048648649,0.05165575232142435,0.4691385141259339,1.2859586928970763,0.19790289000000005,555.7923999999184,0.00011854990469193333,0.8443623834723064,0.21040598129870125,0.10187461280436315,0.2008164101165315,1.0450639193456126,0.010414900000000005,170.3053999999538,-0.001862640299143569,0.8303093542213305,0.9614235454545453,839
253,3.456367506306307,0.05164587810773441,0.4647070507915654,1.2845976466178188,0.19795785999999993,555.7565999999642,0.0001185937736702047,0.8443623834723064,0.21042448675324674,0.1017444522872811,0.16910587349133,1.0351089402505358,0.010412700000000052,170.33109999995213,-0.0018621874327595946,0.8303093542213305,0.9615313636363635,838
254,3.4564742090090084,0.05172531157395776,0.4655402859758615,1.2846365947329803,0.19798709000000003,555.7718999999342,0.00011904858323855714,0.8431573938200009,0.21081465480519476,0.10229406308036078,0.24210507507786838,1.0557747405594236,0.010407000000000055,170.30929999996442,-0.0018688387706837358,0.8303093542213305,0.9614272727272726,837
255,3.4564836144144144,0.05169170154648855,0.46330712957949327,1.2835597966851033,0.1973120399999999,555.1679000000004,0.00011859128593273137,0.8416335835281691,0.210341805974026,0.10159425579957813,0.223736597684145,1.0530553795294162,0.010429900000000103,170.33350000006612,-0.001855828311340852,0.834130892832928,0.9614607272727272,836
256,3.4565989405405406,0.0517942045494007,0.4558263150077808,1.2819531302089575,0.1978966299999999,555.6589000000386,0.00011947239742758039,0.8449494209467882,0.21025477714285715,0.10183844686250637,0.24307511115726133,1.0572000918810847,0.010392300000000132,170.39199999999255,-0.0018592307760553182,0.8303093542213305,0.9613454545454544,835
257,3.4567947018018024,0.05190995553558976,0.45398726225724984,1.2810942015349487,0.19764806999999995,555.5089999999618,0.00011990555145676306,0.8431573938200009,0.20907007506493508,0.10134977560239451,0.2387990718881241,1.0573601457938335,0.010368699999999897,170.34530000004452,-0.0018508987608755272,0.8278276417224936,0.9613363636363634,834
258,3.4568559180180176,0.051925177430325285,0.45278843143027325,1.280570974163216,0.1977717,555.5391999999993,0.00012010002532076291,0.8449494209467883,0.20946494987012984,0.10147964399921128,0.2625321479696914,1.0570806299049866,0.010361399999999854,170.38160000008065,-0.0018529691562891115,0.8303093542213305,0.9612191818181817,833
259,3.457106700900901,0.05206405509070794,0.4484890980635492,1.2792122737510037,0.19799734999999996,555.7164000000339,0.00012084076396367756,0.8443623834723064,0.20871369324675326,0.10077583267265536,0.17301571999657472,1.040172836490288,0.010329900000000114,170.43849999993108,-0.0018417650220995253,0.834130892832928,0.9610937272727271,832
260,3.457340184684685,0.0522411435126014,0.44410826357513056,1.2780633191689317,0.1976746599999999,555.5324000000255,0.00012172885585248145,0.8443623834723064,0.20757237220779223,0.09973261523516998,0.22140035846094763,1.0454765542669144,0.010277099999999928,170.47329999995418,-0.0018226047675046597,0.8303093542213305,0.9611033636363635,831
261,3.45740668918919,0.05221586637800353,0.44320110218046205,1.2776591295073905,0.19782587000000007,555.5204999999842,0.00012151275307527084,0.8443623834723064,0.2081366935064935,0.09980954166705143,0.19501025244591874,1.0341498914041827,0.01031240000000011,170.40620000008494,-0.0018271818358676464,0.834130892832928,0.9610522727272727,830
262,3.4574154405405406,0.052265988822547065,0.4406541244824016,1.2769747400089893,0.1978241100000001,555.5875000000233,0.00012190448325970794,0.8443623834723064,0.20731257350649346,0.09974083724873048,0.211949381296487,1.0494755931774555,0.010280400000000078,170.39930000004824,-0.0018217155964087815,0.834130892832928,0.9608329090909091,829
263,3.457345403603604,0.05227374371532115,0.43990766201002707,1.2771457225300216,0.19778162999999993,555.5673999999417,0.00012218725684922508,0.8443623834723063,0.2092130639037433,0.0989993147371171,0.10857644121467036,1.0171016465814622,0.010072499999999929,165.37589999998454,-0.0018669510911300284,0.8141015429641156,0.9609595454545453,828
264,3.4572186558558555,0.05216050094104242,0.44356807050164226,1.2782021396346317,0.19778156999999996,555.5367000000551,0.00012158224444977683,0.8461544105990937,0.21015843315508015,0.09989118346639461,0.09958712932794356,1.0143654862324063,0.010098299999999893,165.42150000005495,-0.0018837495697215838,0.8245241206191486,0.9609922727272727,827
265,3.457392132432432,0.052264906748138995,0.43807075337487955,1.2763857336648825,0.19778755000000003,555.7123000000138,0.0001221556408759917,0.8429311900207772,0.20704287454545453,0.09977436684707745,0.17633961098848516,1.0378254597722156,0.010242900000000166,170.375800000038,-0.0018247926940882016,0.8303093542213305,0.9609439999999999,826
266,3.457335045045045,0.05224000839249676,0.43995792531391187,1.2767603426367506,0.19754797999999996,555.4666999999899,0.00012206194466880795,0.8461544105990937,0.20969386951871652,0.09960094986717845,0.15488415512494447,1.0276865405917566,0.010074999999999834,165.51679999998305,-0.001875595483622332,0.8245241206191486,0.9608805454545454,825
267,3.4562342045454546,0.0508611947147546,0.49829156890839776,1.2905203897436572,0.1964890199999999,551.3207000000402,0.00011231346875949543,0.8490378253944524,0.21414145631313128,0.1090175611932194,0.3570875920136025,1.1002609457997734,0.010887700000000056,175.43849999993108,-0.0019258377679046315,0.8274351515020997,0.9608937272727273,824
268,3.4563103118181817,0.05089554421652348,0.4979645173184073,1.2904335654929957,0.19647042000000003,551.2692999999272,0.00011240270902511241,0.8462532195969867,0.20881630187165773,0.0984518709405615,0.10764746818689108,1.0127215046430933,0.010047800000000162,165.3696999999229,-0.0018584973511044656,0.8349466982741812,0.9607582727272728,823
269,3.456451262727273,0.05097065485439847,0.49383802203980665,1.2890626209673317,0.19651723999999993,551.3743999999715,0.00011296068905876078,0.8484506575813586,0.20581778649350646,0.09880979226847558,0.14902188736955546,1.0339286306486761,0.01017200000000007,170.28810000000522,-0.001808646428438383,0.8303093542213305,0.9607891818181817,822
270,3.4565844600000006,0.051074799931999704,0.4850392702768693,1.2862795938477396,0.19645670000000004,551.3070000000298,0.00011349089847255078,0.8466423392988732,0.21652293168831166,0.10819912888005603,0.34308534087551257,1.0861786525320165,0.010695200000000016,170.41180000000168,-0.001969769569364927,0.8177028520004617,0.9607087272727273,821
271,3.4566358309090917,0.05109445587063697,0.48862965481928944,1.2874670078076016,0.1961220399999999,551.016100000008,0.00011350860524303607,0.8484506575813586,0.21652932831168833,0.10848068094280162,0.3030627215873092,1.080809427000796,0.010683699999999963,170.3880000000354,-0.0019750232667443204,0.8201845644992987,0.9606782727272727,820
272,3.4567051445454546,0.051128374973746935,0.48664656178687826,1.2868743793185864,0.19621163000000008,551.034100000048,0.00011369184558606584,0.8496621818142654,0.21640102285714286,0.1080855473273881,0.33758905672130446,1.0863070641388788,0.010681200000000057,170.4194000000134,-0.001967107034638407,0.8201845644992987,0.960609909090909,819
273,3.456798359090909,0.05119331072308321,0.48220573913782117,1.2858319385937174,0.19616001000000005,550.9237999999896,0.00011409961954633168,0.8484506575813586,0.21620514077922076,0.10825412350642463,0.34603921568112783,1.0892632267854971,0.01065589999999994,170.32220000005327,-0.001971307153060083,0.8201845644992987,0.9606038181818181,818
274,3.456964701818181,0.05126226718882542,0.4746475291854031,1.2833173113028367,0.19643882000000001,551.1946999999927,0.0001145996266096754,0.846013563008277,0.21572534207792207,0.10805881899818959,0.35830410908113874,1.093299606995273,0.010642999999999958,170.37529999995604,-0.0019655524585235344,0.8201845644992987,0.9605440909090909,817
275,3.4571025963636366,0.05134615603656044,0.4694149032378241,1.2817504677988267,0.19646257000000011,551.262999999919,0.00011509843043977807,0.8472302936068852,0.21501025870129867,0.10720725100737856,0.3110121671850914,1.078675910296174,0.010613500000000053,170.34680000005756,-0.0019537934310261754,0.8240061031108961,0.960520818181818,816
276,3.457220373636363,0.05143242682993698,0.47385228494147746,1.2831479270411223,0.1955849099999999,550.6710000000894,0.00011518158950322978,0.8454263951951831,0.21367550103896102,0.10586879840284094,0.24995433354444208,1.062876853860918,0.010560300000000078,170.34259999997448,-0.001932040783309695,0.8201845644992987,0.9604412727272725,815
277,3.457144858181819,0.051372473516025585,0.4692311433687011,1.281650002197299,0.19637212999999998,551.2447999999858,0.00011522139906053397,0.8466059371870723,0.21435596259740256,0.10719448360870476,0.3880728637591164,1.097714818200509,0.010580499999999882,170.35019999998622,-0.0019497415331308705,0.8201845644992987,0.9604531818181817,814
278,3.457163776363636,0.051361384597255,0.46889068089911046,1.2816233193315465,0.1962537499999999,551.1086999999825,0.00011505416698466079,0.8466059371870723,0.21472362935064931,0.10755806191947719,0.32351953595252025,1.087105507069056,0.0105881000000001,170.37510000006296,-0.001957064861529325,0.8201845644992987,0.9604298181818182,813
279,3.4572768018181814,0.05146219591948631,0.47029687385841035,1.2823487319516973,0.19574672999999998,550.8103000000119,0.00011558075916560523,0.8456296496720919,0.21402574129870128,0.10667703452708457,0.29870213881272534,1.0764177878729864,0.010568899999999992,170.36650000000373,-0.0019436548439023176,0.8201845644992987,0.9602905454545453,812
280,3.4573827945454547,0.05152062778654036,0.4583261810091863,1.2784587855350797,0.19631292999999994,551.1774999999907,0.00011616238783867146,0.8512042647977153,0.21279732597402592,0.10587862269326367,0.2427918127559372,1.0673643516516111,0.010520099999999921,170.38080000004265,-0.0019298425153592657,0.8177028520004617,0.9602573636363635,811
281,3.4573488518181823,0.05147275707920822,0.4640024476933817,1.280172948178678,0.19616069999999997,550.9317999999039,0.00011582352514528885,0.8462168174851857,0.21350729272727273,0.10731864682679032,0.3666816914776754,1.0936702888881225,0.010560499999999973,170.4890000000596,-0.0019517013458692617,0.8201845644992987,0.9603458181818182,810
282,3.4574089263636365,0.051540737947413776,0.4568973535704397,1.2785493333392406,0.1962648600000001,551.0825999999652,0.00011628518869756242,0.8508151450958286,0.2127632166233766,0.10616235850624364,0.348887523444938,1.0904609141479,0.010509599999999786,170.41269999998622,-0.0019318122455237144,0.8201845644992987,0.960262909090909,809
283,3.457241377272727,0.051424949127525245,0.46451807714207805,1.2804693187913103,0.19604462999999994,550.7518000000855,0.00011569907866272089,0.8460187693739784,0.21325756519480515,0.10654934649805466,0.3088697253294126,1.080618303839322,0.010536799999999902,170.40800000005402,-0.0019398177268583196,0.8201845644992987,0.9602099999999999,808
284,3.457300768181818,0.05142803754349224,0.4616816886427162,1.279271852654673,0.19623929000000007,550.8697999999858,0.00011580278719889323,0.8460187693739784,0.21304599376623376,0.10708527792779578,0.32568649247545567,1.0877951231183605,0.010522099999999979,170.4588999999687,-0.0019477328772278654,0.8201845644992987,0.9602402727272726,807
285,3.457420233636363,0.05154125918724749,0.4562240587945521,1.2777744266717734,0.19604824999999992,550.7554999999702,0.00011645437868426363,0.8490068268133433,0.21252999168831166,0.10554237771139356,0.2894849421588046,1.0715259162599833,0.01049929999999999,170.28559999994468,-0.0019250173347468591,0.8201845644992987,0.9601827272727271,806
286,3.4575514163636356,0.05158020448593552,0.45349524646675565,1.2772380048899172,0.19638901000000009,551.0261000000173,0.0001166347426856186,0.8511063861153539,0.21167303948051946,0.1050403322906901,0.24509121966204628,1.0633409904779976,0.01045700000000016,170.27040000003763,-0.001917222971094536,0.834130892832928,0.9600190909090909,805
287,3.45758646,0.05155649355958458,0.4512218821085807,1.2762528852573436,0.19620514999999994,550.7766999999294,0.00011655698664180854,0.8516721815838234,0.2154425882352941,0.10525935211411791,0.23457935754264403,1.0549424259583247,0.010317999999999827,165.25599999993574,-0.001979534346369214,0.8245241206191486,0.9600140909090908,804
288,3.457758892727272,0.05167992484573901,0.4478664845061475,1.2752263420304024,0.19624164999999993,550.7839000000386,0.00011729092187918274,0.8508151450958286,0.2125761112299465,0.10328223334590002,0.24155771102768986,1.0549817263111174,0.010204199999999997,165.41809999989346,-0.0019411761577044996,0.8245241206191486,0.9600298181818182,803
289,3.45775935,0.05167640241308088,0.4473310770435672,1.2750863847942864,0.19629414000000012,550.8070000000298,0.0001171320192397225,0.8508151450958286,0.21045055974025975,0.1042689787903145,0.23916166039513298,1.0608308532571982,0.010423400000000083,170.3869999999879,-0.0019026086641322874,0.8163630258877012,0.9600152727272727,802
290,3.457817179090909,0.05173339635327428,0.44349241862517275,1.274077396263028,0.19632428999999996,551.0123999998905,0.00011768941661405864,0.8512042647977153,0.21250363529411764,0.10334908907142848,0.27533251978388895,1.0629681152726986,0.010193899999999978,165.38569999998435,-0.001940907277215271,0.8245241206191486,0.9598469090909091,801
291,3.4580890581818178,0.05191485399044167,0.43351989464811647,1.2712641956082122,0.19618987999999993,550.7765999999829,0.0001185859806161456,0.8484462377105755,0.21129673021390372,0.10250517351608061,0.24614260943431665,1.0540112024867525,0.010151199999999916,165.37829999998212,-0.0019270896708022882,0.8245241206191486,0.9598538181818181,800
292,3.4583365736363634,0.052001763008131606,0.43116429284513025,1.270655875438445,0.19650099,550.9653999999864,0.00011894265095559076,0.8455508525878704,0.21139816871657754,0.10214476119100874,0.1957532306946579,1.0396159715530893,0.010150799999999904,165.38349999999627,-0.0019226714960362782,0.8205901838130923,0.9596658181818181,799
293,3.4583689490909086,0.052047258880025135,0.4283322052102352,1.2701948184068848,0.19649072999999995,551.0069000000367,0.00011935885729307711,0.8455508525878704,0.2111293355614973,0.1023548842540293,0.2359600576763463,1.0536443005022254,0.01011239999999991,165.32949999999255,-0.001924927478769406,0.8245241206191486,0.9597478181818181,798
294,3.4582312209090906,0.05196571033407306,0.43375204331815764,1.2714926604931351,0.19609350999999997,550.703499999945,0.00011874678759267003,0.8460187693739785,0.21092842941176465,0.10196493112796194,0.1833621895425992,1.0376663181376458,0.010125099999999998,165.30630000005476,-0.0019203385343789833,0.8245241206191486,0.9597078181818182,797
295,3.4582919654545456,0.051990347462697414,0.42370289711629816,1.2685583122824329,0.19630619000000005,550.8164000000106,0.00011935678896884697,0.8451617328859838,0.2103333296791444,0.10166862395039608,0.18194347016202572,1.0361322558178454,0.010097899999999882,165.28090000001248,-0.001915441426389814,0.8245241206191486,0.959657,796
296,3.458363002727273,0.052050947315036886,0.4238500522463271,1.2684938546845514,0.19650111000000003,551.0614999999525,0.00011954552266153597,0.8463776769896738,0.20991464064171123,0.10177035265787407,0.22246093487150675,1.0501392370929021,0.010070199999999918,165.32559999998193,-0.0019142615280408972,0.8245241206191486,0.9596565454545454,795
297,3.4582964681818193,0.051987024749881205,0.4287411634261371,1.2699796148073277,0.19612480999999993,550.6363999999594,0.00011913992651617412,0.8433534146034983,0.210140835828877,0.10151963606539165,0.13626892405155155,1.0266755055042043,0.010102399999999845,165.3171999999322,-0.0019136415773689562,0.8245241206191486,0.959608,794
298,3.458349063636364,0.05197024571203864,0.4301940731392997,1.2702449341029596,0.19568851999999992,550.2764999999199,0.00011894788288915878,0.8455508525878704,0.21049076042780748,0.10207227033922492,0.19241097447159516,1.0435783755368544,0.010108999999999924,165.31050000002142,-0.0019208283059712042,0.8245241206191486,0.9597011818181818,793
299,3.4584996136363637,0.0520724385428703,0.4251681326115011,1.2690657590556107,0.19599893000000002,550.469000000041,0.00011947687757032131,0.8460187693739785,0.2107471986631016,0.10250428139347392,0.20327218284743998,1.0453056198049187,0.010111399999999993,165.34439999994356,-0.001928204435639112,0.8205901838130923,0.9595944545454546,792
300,3.4586678227272727,0.05218699505461309,0.4236677898324812,1.2683213278812273,0.19578543999999998,550.3187000000617,0.00012002250274551035,0.8455508525878704,0.20986130106951867,0.10161063174686996,0.17588616921976064,1.0396123186656443,0.010061600000000004,165.22320000000764,-0.0019137809075429224,0.8245241206191486,0.9594570909090908,791
301,3.458782475454545,0.052212706862090945,0.41825193102380354,1.2666815203435915,0.19628671999999991,550.6554999999935,0.00012023352445989779,0.8450372754932964,0.20910703689839572,0.10083392683665941,0.1876810304706651,1.0347690737965693,0.010049500000000045,165.32620000001043,-0.0018996855387690224,0.8245241206191486,0.9594624545454545,790
302,3.458877601818182,0.05229774193606614,0.4179160248628335,1.2664887060481063,0.19597014000000001,550.5224999999627,0.00012069331141522292,0.8480615378794718,0.2091181061497326,0.1005516393996386,0.15272620170836637,1.0294572749830881,0.01002919999999996,165.20569999993313,-0.0018961273901684787,0.8245241206191486,0.9594348181818182,789
303,3.4590064845454545,0.05233807611477691,0.4144441782834525,1.2655707116894488,0.19618122999999998,550.5818000000436,0.00012096786120053955,0.8457853028108785,0.2093980213903743,0.10070846928410913,0.1978134070173576,1.0435298580168635,0.01003390000000004,165.22580000001471,-0.0018960109807424114,0.8245241206191486,0.9594623636363636,788
304,3.459158027272727,0.052478870081603485,0.4065334169022572,1.2634279219223756,0.19593307999999998,550.421500000055,0.0001218661136271575,0.8475936210933638,0.2086844064171123,0.10029129975403552,0.2203994406131975,1.044797793692545,0.01001479999999999,165.30819999997038,-0.001888423223978656,0.8141015429641156,0.9593030909090909,787
305,3.4582115522935784,0.051206922422603725,0.4774828871334611,1.2795508294230926,0.19475266999999996,546.1962000000058,0.00011218163810119316,0.8492121367069343,0.21091444903581266,0.09919738058940672,0.10672163721846983,1.008785072690947,0.009825599999999879,160.3242999999784,-0.001929379946774924,0.8253013932756803,0.9593079090909091,786
306,3.458265911009175,0.05120993148138202,0.4755785191410329,1.2787474514836492,0.19472031,545.9758000000147,0.00011223563926692124,0.8516288060287025,0.20813188101604277,0.09988209445571315,0.14051422425509008,1.0256816837910234,0.00999159999999999,165.34500000008848,-0.0018828389009317452,0.8245241206191486,0.959201909090909,785
307,3.4585476825688066,0.05139242028534305,0.46705729990354206,1.2767264582040347,0.19453127000000003,545.8874000000069,0.00011310911460699617,0.8504017064745198,0.21561098571428566,0.10939161989542355,0.2906997052722913,1.084369505532495,0.010655000000000081,170.36780000000726,-0.0019898525902543483,0.8201845644992987,0.9591611818181818,784
308,3.458751177981651,0.05151689619548306,0.4626942262118221,1.2758361017607136,0.19455656999999993,545.9424000000581,0.00011377048930685707,0.8492121367069343,0.21515572675324673,0.10890427989359078,0.29269007085954435,1.0810223053734207,0.010623600000000177,170.37039999989793,-0.001982257764015699,0.8201845644992987,0.9590439999999999,783
309,3.4588970146788998,0.05157492257303181,0.45319121261161355,1.2730599030211904,0.19501835999999995,546.2264000000432,0.00011419894181066691,0.8504392362611171,0.21741668689839572,0.10799455131368538,0.3326211370579992,1.0827942342808323,0.01044120000000004,165.33909999998286,-0.0020245442973895623,0.8245241206191486,0.9589898181818182,782
310,3.4590071266055045,0.05167755149952131,0.44971183724767405,1.272448297783135,0.19479866999999995,546.1014999999898,0.00011488088134309102,0.84861958203317,0.21732624278074864,0.10784256294137667,0.306894089055159,1.0785712205266347,0.010426499999999894,165.3981999999378,-0.0020207509550902833,0.8205901838130923,0.9589609090909089,781
311,3.4590512385321097,0.051681431743423774,0.44572666928254856,1.2711845250207954,0.19499091000000013,546.1831000000238,0.00011491846772388878,0.8496048263143429,0.21742669411764703,0.10777204296790739,0.3274292026229171,1.0764860477684053,0.010414799999999946,165.36920000007376,-0.002021710012071773,0.8245241206191486,0.958938818181818,780
312,3.459016134862386,0.051698859291442446,0.4458486235695611,1.2714378147870589,0.19483731999999998,546.2090999999782,0.00011508551054158676,0.8496048263143429,0.2135902109090909,0.10864287571648305,0.3677828959968119,1.1013412861710346,0.010551200000000094,170.37200000009034,-0.001973881247779962,0.8201845644992987,0.9588699999999999,779
313,3.459090463302752,0.051740617704683044,0.43907384507187786,1.2691152592677661,0.19524239999999993,546.5724000000628,0.00011533404261677396,0.8481473724325104,0.2161064983957219,0.10753433071284754,0.24520065711963301,1.068185883388201,0.010349299999999895,165.4089999999851,-0.002016358899001378,0.8205901838130923,0.9587367272727273,778
314,3.4590420275229357,0.05171728927062097,0.44441758492616046,1.2711275063151708,0.19497118999999996,546.1963000000687,0.00011543405285530412,0.8498466815873527,0.21487944411764706,0.10711897615480585,0.31822566856574497,1.0856202355877287,0.010306499999999996,165.46249999990687,-0.002005270444422998,0.8245241206191486,0.9588162727272728,777
315,3.459088520183486,0.05171906305627045,0.437267976977306,1.2686080866553284,0.19499571999999998,546.2092999999877,0.00011544710361010576,0.8492121367069343,0.21572633689839574,0.10733171313393794,0.2368360874588853,1.0637330218792804,0.01033940000000011,165.4220000000205,-0.002013591925872443,0.8245241206191486,0.9588367272727271,776
316,3.4590648366972476,0.051731257895889685,0.4369216205689246,1.268757689320634,0.19508219999999998,546.2893000000622,0.00011574337654671112,0.8508319258685256,0.21525322112299464,0.10732139402474465,0.29628027043258065,1.0757825116010507,0.010324999999999918,165.49770000006538,-0.002010951240744767,0.8245241206191486,0.9586928181818182,775
317,3.459137419266055,0.05176237817111687,0.4364586334847407,1.2689795575169893,0.19518557999999997,546.3636999999871,0.00011590836301315244,0.8498466815873527,0.21489318716577538,0.10682817014187926,0.34351078432930926,1.0886726888550122,0.010302399999999823,165.42479999992065,-0.002000344637631405,0.8245241206191486,0.9586806363636363,774
318,3.4594261082568805,0.05196343196741933,0.4277042691491255,1.2661830639580027,0.19489623999999994,546.2822999999626,0.00011687061010494277,0.8493744719866931,0.21200038475935826,0.1043623884777576,0.2168631068740181,1.0481262562588143,0.010177300000000056,165.38569999998435,-0.0019623318897054303,0.8245241206191486,0.958604909090909,773
319,3.459500477981651,0.05198455359867746,0.4249587186999113,1.26564798137523,0.19507337000000002,546.2455999999074,0.00011702991173958419,0.8472556506727374,0.2124747970588235,0.10429777440316156,0.25335036536484656,1.0610704923600915,0.01019110000000012,165.38229999993928,-0.001958543592394402,0.8245241206191486,0.9586025454545454,772
320,3.459421049541285,0.05187805965617411,0.43142122568555497,1.2669308819458114,0.19516153999999997,546.2682999999961,0.00011635115749785144,0.8493744719866931,0.21394855240641708,0.10539948905780062,0.23837089116661225,1.056287904351341,0.010258600000000007,165.43800000008196,-0.0019795388692901367,0.8245241206191486,0.9585945454545454,771
321,3.4595347743119262,0.05195417054479164,0.42327134284750345,1.264629053521419,0.19477531999999997,545.8850000000093,0.00011694600171377474,0.8504392362611171,0.213201072459893,0.10516585723372243,0.26138932147863736,1.0687592880789771,0.010222500000000023,165.38390000001527,-0.001973269285053566,0.8245241206191486,0.9586669999999998,770
322,3.4596141853211004,0.0519796024725633,0.421314759038359,1.2644289901347459,0.19510230000000006,546.281100000022,0.00011720083615116547,0.8492165971269912,0.2122258318181818,0.10434466912787722,0.2316592526892043,1.061413033256799,0.010191999999999979,165.45750000001863,-0.0019579198812725387,0.8205901838130923,0.9585158181818182,769
323,3.4618582207207216,0.05389223747886673,0.1321724554226411,1.1864884770362158,0.20158599999999993,550.8764999998966,0.00011221361943931148,0.855309446696992,0.21193666443850265,0.10414234354477218,0.23324493874619412,1.0548920124342138,0.010158700000000076,165.29550000000745,-0.0019581026645410717,0.8245241206191486,0.9584755454545454,768
324,3.460668009090909,0.052874438745278175,0.261032043092571,1.22106240559673,0.20186183999999985,551.0433000000194,0.00010363818916658547,0.8536733416118145,0.21128324144385027,0.10406406086546507,0.24686272085817107,1.059562712686805,0.010136600000000051,165.29200000001583,-0.0019558770432566317,0.8245241206191486,0.9583865454545455,767
325,3.4605102618181816,0.05281054142673206,0.2605368433991524,1.2211447898605412,0.20177946999999996,550.9612999999663,0.00010355120799328377,0.8559443703147065,0.21435172314049583,0.10364426761762417,0.176216660742174,1.0372265864683539,0.009970999999999952,160.38670000003185,-0.002008830035008376,0.8253013932756803,0.9584418181818182,766
326,3.460520476363636,0.052770894664199014,0.26052761408758096,1.2203816653279798,0.20159408999999995,550.7641000000294,0.00010344271327913623,0.8515737823098039,0.21091578770053476,0.10393440588728348,0.2520058222499557,1.065908919844958,0.01012079999999993,165.3951999999117,-0.0019504433582989392,0.8245241206191486,0.9584319999999998,765
327,3.4605942290909084,0.052810836951351796,0.2598496360730156,1.2205290842884753,0.20172197000000003,550.8773999999976,0.000103568805175676,0.8536733416118145,0.2109386254010695,0.10378283108341294,0.18803639733809252,1.044756868794338,0.010108899999999865,165.32890000008047,-0.001951773639483931,0.8245241206191486,0.9583748181818182,764
328,3.459970909174312,0.05222174482870306,0.40366350287975683,1.2593383807404066,0.19515510000000003,546.2245999999577,0.00011883900308799356,0.8518706613017123,0.21316158071625343,0.10273669442680577,0.19765491571219362,1.039096051920125,0.009918300000000047,160.28850000002421,-0.0019931032256837763,0.8253013932756803,0.9583217272727271,763
329,3.460097156880734,0.052232291150548095,0.4044700616509447,1.2591941185489037,0.1951107299999999,546.1043000000063,0.00011877431103641078,0.8492121367069343,0.2106208842245989,0.10302685468914882,0.19038148033262026,1.044286537553824,0.010104800000000136,165.26029999996535,-0.0019386430837815749,0.8245241206191486,0.9582153636363636,762
330,3.4613393063636364,0.053199649091922784,0.24326352908454263,1.215917600454742,0.20161543000000004,550.7803999999305,0.00010542191314421395,0.8536733416118145,0.21024999010695186,0.10320609749266202,0.26413811033870527,1.0670226770923688,0.010075900000000138,165.3546000000788,-0.0019369349380450173,0.8245241206191486,0.9582341818181817,761
331,3.4605447385321093,0.05253197797560128,0.39208234778654694,1.256158667271876,0.195033,546.0870000000577,0.00012024936269548731,0.8526255512552355,0.20896244545454545,0.10174383868521716,0.19314873603231053,1.0444682261273077,0.01003849999999984,165.30299999995623,-0.0019139081710369073,0.8245241206191486,0.9581829999999999,760
332,3.461612400000001,0.05332454756138682,0.239035671523272,1.2141314471408768,0.20149233999999994,550.5667000000831,0.00010602296250256233,0.8542649292956916,0.2098442371657754,0.10292610550455865,0.2465369130732813,1.0583218087810995,0.010053499999999937,165.39450000005309,-0.00193353621617899,0.8245241206191486,0.9581157272727272,759
333,3.461698656363637,0.053361159084634686,0.2335413031234621,1.2122517446502223,0.20180161000000008,550.718200000003,0.00010647209976913538,0.8548892857155045,0.21180285564738288,0.10129230399865059,0.12890541337714767,1.0202891858679624,0.009876100000000054,160.45890000008512,-0.001966332829494522,0.8253013932756803,0.957953909090909,758
334,3.4617629809090906,0.05343404021137229,0.2333034728828034,1.2125721808942294,0.20169990000000015,550.7393000000156,0.00010688530692375723,0.8553572025016125,0.20831942272727272,0.10157268566794295,0.24880735499739437,1.059622459976738,0.010004200000000019,165.38870000001043,-0.0019073177576925872,0.8205901838130923,0.957972909090909,757
335,3.4617904136363635,0.05344746317657615,0.2310113195466479,1.212064509335331,0.2014465900000001,550.482799999998,0.00010711247545036635,0.8585787265040773,0.21106532727272723,0.10074268396392566,0.17050903298326014,1.0296921442056806,0.009838300000000189,160.25740000000224,-0.0019572361440067135,0.8253013932756803,0.9580210909090909,756
336,3.4618222618181824,0.053417380425367526,0.228350115224484,1.2107689493377571,0.20175489999999996,550.6190000000643,0.00010685709722792043,0.8548892857155045,0.20845820187165776,0.10164535431415973,0.21043761737488342,1.0490821875540477,0.010018900000000164,165.3615999999456,-0.001910883240347362,0.8245241206191486,0.9579233636363634,755
337,3.4607725963302753,0.05222699165663486,0.3038943301059671,1.2299029526005116,0.20031800999999994,546.0540000000037,9.731365355402968e-05,0.853815121022821,0.21083192286501376,0.10064059702224154,0.17544254600673437,1.0313925762033282,0.009820799999999963,160.43030000000726,-0.0019523324092335461,0.8253013932756803,0.957851909090909,754
338,3.4608954339449545,0.05237990328822974,0.2994474072270261,1.2289867054961328,0.19988977000000008,545.9918000000762,9.805942655057353e-05,0.8525880214686381,0.20979333526170796,0.09977825821262655,0.12579777653282243,1.0188247298666127,0.009784900000000096,160.40599999995902,-0.0019377162944343711,0.8253013932756803,0.9578601818181817,753
339,3.460890763302752,0.05231798954621537,0.3025510022554845,1.2300288015692407,0.19999628000000003,545.8310000000056,9.76699965974811e-05,0.8525880214686381,0.2145564264705882,0.10700222819728514,0.2659166629441523,1.0682334115284975,0.010312600000000005,165.53109999990556,-0.0020058548941186446,0.8245241206191486,0.9577171818181818,752
340,3.461011629357798,0.05241123974734756,0.2972238679621184,1.2285803489814773,0.20014133999999995,546.1608000000706,9.818726004584342e-05,0.8536527857430622,0.2153653061497326,0.1079474664129382,0.31244184655700913,1.0847122115566978,0.010326899999999917,165.46480000007432,-0.0020210062731609384,0.8205901838130923,0.9577285454545454,751
341,3.461153530275229,0.0525031336972737,0.28856066042242823,1.2264150714080506,0.20007993999999996,546.0525999999372,9.892777419198375e-05,0.8536527857430622,0.20856795509641873,0.09901729599044068,0.13750510042840425,1.0261574736655263,0.009729100000000157,160.33689999999478,-0.0019226489379805573,0.8253013932756803,0.9577626363636362,750
342,3.4612648779816513,0.05253341516795188,0.28448838699392054,1.2246057492866076,0.20029269000000005,546.1533000000054,9.911768193662e-05,0.8542453404168265,0.21642965721925134,0.10921650955870721,0.3027802041085592,1.0839595142376093,0.010364299999999993,165.43060000007972,-0.002045195265043189,0.8245241206191486,0.957627,749
343,3.461362123853211,0.05257325510278387,0.27932290901152346,1.2229276974982697,0.20028465000000006,546.185899999924,9.936268609374414e-05,0.8505640417542785,0.21708643208556147,0.10968345817426725,0.3066707568982703,1.0823837011315267,0.010397699999999954,165.3405999999959,-0.002055201073938451,0.8245241206191486,0.9576009999999999,748
344,3.4614476394495415,0.05261514614939177,0.2820036901661034,1.2239159858442525,0.20021177000000012,546.047900000005,9.92846934056777e-05,0.8493369422000959,0.20890695013774105,0.09928208100634951,0.15504499624433477,1.0268392436871756,0.009730199999999911,160.35369999997783,-0.0019276523612854152,0.8253013932756803,0.9575869090909092,747
345,3.4615600146788994,0.052674069019029185,0.2763247733770453,1.2218886978945473,0.2002626500000001,546.1166999998968,9.97099417128888e-05,0.8534904504633036,0.20846683801652893,0.09868497028218531,0.10412161289233257,1.0086706149785623,0.009727299999999994,160.4089999999851,-0.00191897477511614,0.8253013932756803,0.9574842727272725,746
346,3.4617663201834867,0.05283655982770655,0.2679843988353654,1.2199611969656277,0.20010762000000004,546.1393000000389,0.00010072361037003959,0.8505640417542787,0.21571040668449196,0.10815334812088744,0.2875335122672684,1.0776792416772443,0.010351800000000022,165.36810000007972,-0.0020268471793730243,0.8245241206191486,0.9575082727272727,745
347,3.461790544036698,0.05282657550494554,0.2654067436041019,1.219123358635853,0.20030910999999985,546.2630000000354,0.00010076134057483546,0.8528559055828853,0.21488922673796795,0.10744354289549082,0.2889664737757718,1.073113938119009,0.01031430000000011,165.32010000001173,-0.002016208217065451,0.8245241206191486,0.9574392727272727,744
348,3.461912916513761,0.0529327573420812,0.2569088755219333,1.2167674335387983,0.20051536999999997,546.4479999999749,0.00010152053018577165,0.8539206698573092,0.21410612486631014,0.10718023310697564,0.3074982963162265,1.0815989440809604,0.010284199999999855,165.39620000007562,-0.0020080543883369568,0.8245241206191486,0.957311,743
349,3.462034069724771,0.05299625564242374,0.2530185347267815,1.2159322682905944,0.20024788999999998,546.2399999999907,0.00010196522537179145,0.8505640417542787,0.2123311906417112,0.10576860963075102,0.26727988951500237,1.0692442618815017,0.010195600000000082,165.44900000002235,-0.001983382101776474,0.8245241206191486,0.9573108181818181,742
350,3.4619948467889907,0.052952176532800294,0.25431821776949626,1.2161165995809906,0.20013113999999999,546.0053999999072,0.00010176334442365868,0.8547175500174862,0.21348253155080213,0.10680126237847737,0.3112892627141175,1.082134151726459,0.010250900000000174,165.32380000001285,-0.0020014826682138586,0.8205901838130923,0.9572687272727273,741
351,3.4620663917431194,0.052990024609040266,0.25345572217385515,1.2155917226885842,0.20046306999999997,546.3933999999426,0.00010187937419145567,0.8516288060287025,0.2120188909090909,0.10604987180020253,0.31674426424736746,1.084655073806124,0.0101715,165.3743999999715,-0.001986499053403701,0.8205901838130923,0.9571814545454544,740
352,3.462103646788991,0.053011772335581714,0.247959827375265,1.2145007110718804,0.20050983,546.3421999999555,0.00010225152761395118,0.8539206698573092,0.21515196997245178,0.10529029307199182,0.22013067676692133,1.0550205919025304,0.010004800000000147,160.40910000004806,-0.0020362826179788703,0.8253013932756803,0.9571932727272726,739
353,3.462093274311927,0.052997375510446344,0.24618582325498561,1.2134298796544294,0.20064399999999993,546.3806999999797,0.00010225733760306984,0.8505640417542785,0.2149608366391184,0.10520161794959056,0.21648918268035056,1.0476257830667717,0.010013400000000061,160.39429999992717,-0.0020370645974045355,0.8253013932756803,0.9571882727272727,738
354,3.4621348908256877,0.05302091738129209,0.24839284386920557,1.2140873925190636,0.20042916999999993,546.1960999999428,0.00010232526341182745,0.8526935703031265,0.21194496417112296,0.10565728485748428,0.27774379975745855,1.0721106846995974,0.010178199999999915,165.37770000007004,-0.0019811848589722874,0.8205901838130923,0.9571769999999998,737
355,3.4622481220183485,0.053082630852449963,0.24148381805129437,1.2122126589037852,0.20058171999999996,546.3509999999078,0.00010271610405547016,0.8516288060287025,0.21104040962566845,0.10527756938438254,0.23232209181494623,1.065516327876611,0.010138699999999945,165.43839999998454,-0.001973760487892562,0.8205901838130923,0.9571009999999999,736
356,3.469456068367347,0.055033020395027415,-0.3176567027824886,0.9042631972600599,0.19965369,545.6598000000231,0.00010389152188384751,0.9355442698863443,0.21286671925133688,0.10268439347737932,0.105886800081465,1.0121607766797573,0.01024180000000019,165.64030000008643,-0.001934769733597313,0.8141015429641156,0.951099909090909,735
357,3.4643375504854363,0.052469752748526874,0.39468388316686687,1.2585636764818902,0.19253939999999992,520.750299999956,0.00011151019595396121,0.8483000484811759,0.2053237787878788,0.09965515353611334,0.3396549787401404,1.0934347426650075,0.010490099999999947,175.5398999999743,-0.0017610783348153507,0.8298479275426355,0.9522496363636362,734
358,3.463331280952381,0.052817649027534226,0.3247020513845409,1.2414298547489846,0.19421998000000007,526.2723999998998,9.334966624435224e-05,0.8537407235053549,0.21277370401069517,0.10406947883197264,0.32850524860772357,1.0836675036693466,0.010214999999999863,165.52169999992475,-0.0019482673370439117,0.8205901838130923,0.9529630909090909,733
359,3.463037840566038,0.05302387953506156,0.29396444798856747,1.2335693253196796,0.1957898,530.9680000001099,9.75330134929648e-05,0.8497340061283994,0.20757953743315505,0.10100102494662935,0.3868704889981496,1.0987873971062256,0.009945500000000163,165.3831999998074,-0.0018895860663215103,0.8245241206191486,0.9535051818181818,732
360,3.462109166981132,0.05235890041389283,0.34282670784639846,1.24620987924112,0.19568755000000004,531.0003000001889,9.28905915267744e-05,0.8526347016597624,0.20935867326203206,0.10296688146378184,0.33919523108046157,1.0926909738701975,0.010027699999999973,165.31979999993928,-0.0019273501381097643,0.8205901838130923,0.953787818181818,731
361,3.4628121383177564,0.05331215430978837,0.2720247139449512,1.2286263509291815,0.19695914999999997,535.7263000002131,0.00010157352828035323,0.8514182374532201,0.2141727842245989,0.10772381335034875,0.40610999726586305,1.1116941790111523,0.01028030000000002,165.40709999995306,-0.002011883122774406,0.8205901838130923,0.9539308181818181,730
362,3.4624291598130843,0.052979310632050816,0.28314007053493206,1.2304445243892526,0.19705119999999998,535.7325000001583,9.973141754079195e-05,0.8501682014587725,0.2075664134986226,0.09923278457891593,0.26785634703214045,1.0568360189769799,0.009670999999999985,160.49190000002272,-0.0019195153522699826,0.8253013932756803,0.9541805454545453,729
363,3.4622968102803737,0.052859164135300424,0.292418785446813,1.2327663980228094,0.19724323,535.9810999999754,9.876074879291318e-05,0.8456063183589873,0.20880870688705233,0.10021089855725149,0.23476561837461096,1.0550488092242563,0.009726699999999866,160.42870000004768,-0.0019390954769139622,0.8253013932756803,0.9541703636363636,728
364,3.462288574766355,0.0528196271269338,0.29641531042433256,1.2332734787910042,0.19713731,535.9106999998912,9.845392917458484e-05,0.8501682014587724,0.21134176143250685,0.10211429201967219,0.22109029274893643,1.0536168505756678,0.009823600000000043,160.34950000001118,-0.001976445818433897,0.8253013932756803,0.9542558181818181,727
365,3.462268955140187,0.05275421949733561,0.31217413192807797,1.2373522354450477,0.19630541999999995,535.3399000000209,9.728735689168518e-05,0.8501682014587725,0.20955207005347593,0.10387033392073759,0.3427676620289315,1.0940733990206173,0.010036900000000015,165.3226999999024,-0.00194393991867388,0.8245241206191486,0.9544153636363636,726
366,3.462140935514019,0.05257784786709808,0.31484316113018496,1.2377216696675104,0.19719425999999995,536.0064000000712,9.644693547122441e-05,0.8501682014587724,0.21379172396694213,0.10433224087039267,0.2999798013873116,1.0784961011085943,0.009942899999999977,160.40720000001602,-0.0020136686556149084,0.8145629799341314,0.9544700909090909,725
367,3.46201123364486,0.05243322334621031,0.32352292117886927,1.2394244549208415,0.19727025999999992,536.030299999984,9.553503511138987e-05,0.8514182374532201,0.21514105289256197,0.10586998015603416,0.32019106342641246,1.085179807858298,0.009993600000000047,160.43940000003204,-0.0020410627391269217,0.8253013932756803,0.9544938181818181,724
368,3.4620497411214948,0.05248415535445311,0.32262108716536186,1.2391815985555836,0.19675423000000003,535.8262000000104,9.575118507349447e-05,0.8514182374532201,0.2119704983957219,0.1060842092016545,0.3967155446243913,1.107464606863636,0.010143000000000013,165.5087000001222,-0.0019810308932011263,0.8205901838130923,0.9545767272727271,723
369,3.462031122429906,0.052459696975195196,0.3185688952980388,1.2381041028547055,0.1972071900000001,536.2447999999858,9.583607225323822e-05,0.8514182374532201,0.21162609598930482,0.10608209028744901,0.36018123969075067,1.098614864384676,0.010124599999999928,165.42500000004657,-0.0019828147034340136,0.8205901838130923,0.9545942727272727,722
370,3.4619692785046725,0.05240981383996709,0.3219436842828878,1.238888478003982,0.19715039,536.1083000001963,9.550950750652393e-05,0.8514182374532201,0.21229047486631014,0.10720538665651883,0.43922024656436465,1.1215223493211934,0.010141799999999979,165.47560000000522,-0.001999071384043856,0.8205901838130923,0.9546061818181817,721
371,3.46177801682243,0.05222943055252865,0.3361105729901013,1.2423458437369006,0.19736965000000006,536.3223999999464,9.429278141642676e-05,0.8547300845585575,0.21726002561983468,0.10867332312191433,0.39631609422689706,1.108860587890681,0.010037800000000097,160.34099999978207,-0.0020918125836944003,0.8038245665925823,0.9546394545454545,720
372,3.4617104401869163,0.05219403440306627,0.3303892526784815,1.2402022888139645,0.19726383000000003,536.1343999998644,9.432047403979909e-05,0.8547300845585575,0.21364414946524063,0.10831335704599282,0.4124772155251697,1.1139013793661956,0.010214200000000062,165.49750000005588,-0.00202111728110165,0.8245241206191486,0.9546770909090908,719
373,3.461787918691589,0.05228264538259241,0.32315677660376396,1.2384018823420073,0.19737227000000002,536.5378000000492,9.50597403140216e-05,0.85141823745322,0.21251213368983957,0.10794982570935077,0.39251481787488096,1.1148748271986173,0.010170099999999849,165.41540000005625,-0.002014051721037172,0.8101676061580594,0.9546289999999998,718
374,3.461840302803739,0.0522922536555385,0.32158112033866537,1.2378149139601895,0.19705541000000004,536.1518999999389,9.520750496720797e-05,0.8514182374532201,0.2165465561983471,0.10839360017477442,0.37943174538981284,1.1071094097963596,0.010022799999999998,160.4672000000719,-0.0020845138260186576,0.8145629799341314,0.9547041818181818,717
375,3.4618518214953267,0.05225439545900822,0.3234005858233848,1.238276544700713,0.19724953000000012,536.2664999999106,9.489499714238204e-05,0.8517606925376279,0.2073356971590909,0.09671473832647515,0.17636140893185548,1.0270764552728866,0.009355699999999967,155.41790000000037,-0.0019359357413999796,0.8305491568854277,0.9547021818181817,716
376,3.4618664448598135,0.05226454852889023,0.3230136582429224,1.2377160336751822,0.1972140400000001,536.3174000000581,9.49041684733572e-05,0.8514182374532201,0.21637607134986223,0.10828621720135267,0.38368472169382395,1.1024274632299598,0.010027500000000078,160.40709999995306,-0.002085260687572803,0.8145629799341314,0.9547052727272728,715
377,3.461843158878505,0.05220819663148031,0.32771035839128704,1.2390763126451572,0.19734565999999987,536.2502000001259,9.461425161293661e-05,0.8547300845585575,0.20513224380165287,0.09824491602929285,0.24939404675492183,1.0581157417989047,0.00952059999999988,160.4248999999836,-0.0019004862803053582,0.8253013932756803,0.9546327272727271,714
378,3.4620058822429907,0.052321352224328335,0.31729573734154304,1.2365957163293255,0.19724730999999995,536.2413999999408,9.538038067371768e-05,0.8514182374532201,0.21655610247933882,0.10837452171774321,0.368399543543251,1.1021808966285147,0.010029599999999972,160.53059999994002,-0.002084411785621124,0.8145629799341314,0.9545018181818181,713
379,3.4621175616822426,0.05235954048608064,0.3092575954229466,1.2331497237062978,0.19724984999999995,536.1958000001032,9.570436741170153e-05,0.8517606925376279,0.2124610596256684,0.10756725986639894,0.35646137054967975,1.1010462137061394,0.010166300000000073,165.5054999999702,-0.0020086141336705635,0.8205901838130923,0.9545333636363637,712
380,3.462060287850467,0.05229404798758347,0.31543442895615925,1.2350466872263175,0.19736272,536.2844000000041,9.54160400796151e-05,0.8514182374532201,0.20449272644628097,0.09755997085864936,0.18344040101115633,1.0414335180829057,0.0095113,160.45230000000447,-0.001889444962373737,0.8253013932756803,0.9545886363636363,711
381,3.4621895439252337,0.05234797936631072,0.31293951907641615,1.2337786729453861,0.19685987000000005,535.7574000000022,9.539330329313339e-05,0.853144466074803,0.2164031831955923,0.10819267206657192,0.346084177391615,1.0907643044506263,0.010046299999999952,160.40620000008494,-0.0020855363158591984,0.8145629799341314,0.9546096363636363,710
382,3.4623624028037385,0.052568732652525776,0.3356066898573471,1.2407389781226257,0.19409160999999997,533.8401999999769,9.56198272166859e-05,0.8503335710428255,0.21367852032085563,0.10878118990289398,0.37499040641422976,1.1070486923878717,0.010207099999999913,165.41320000006817,-0.0020313733157586106,0.8205901838130923,0.9545130909090908,709
383,3.4624335579439247,0.05242412099203166,0.3116582646679573,1.2329395040078628,0.1968496300000001,535.7575000000652,9.573676919945059e-05,0.8514182374532201,0.21735805812672176,0.10842637942044771,0.304646349728519,1.080419818335751,0.010063500000000003,160.33499999996275,-0.002092338175216389,0.8253013932756803,0.9544769999999999,708
384,3.462429552336449,0.05244025467292467,0.3079676740911723,1.232522219870641,0.19707390000000002,535.8655000000726,9.6004320000762e-05,0.8520597996644087,0.21323524251336895,0.10827174539979505,0.3890986135271919,1.1075804284833415,0.010197800000000035,165.41960000013933,-0.0020215544296886268,0.8205901838130923,0.9544491818181817,707
385,3.462495394392523,0.052517498250020556,0.2992916985683314,1.2299145013929698,0.19720095000000004,536.1103000000585,9.66536380409389e-05,0.8520597996644087,0.2158154988980716,0.10765601778782945,0.37157674360499104,1.0990715262674464,0.010000599999999915,160.27009999984875,-0.0020758256231752934,0.8145629799341314,0.9545223636363637,706
386,3.462389461682243,0.05244264723135716,0.30451007232628413,1.2311461675049633,0.1970167599999999,535.8429999998771,9.612666621180248e-05,0.8517606925376279,0.216186185399449,0.10785345981496824,0.3389697642676799,1.091054524756406,0.010013199999999944,160.32070000004023,-0.002080688003556378,0.8145629799341314,0.9544441818181818,705
387,3.4623811663551405,0.0524785321655903,0.3053873394606046,1.2315551882257811,0.19632270000000007,535.3515999999363,9.630192750903359e-05,0.8503335710428255,0.2168999867768595,0.10861300617150005,0.34839964799038414,1.0971122403188134,0.010025999999999868,160.3866000000853,-0.00209208529438093,0.8038245665925823,0.9543651818181816,704
388,3.462508825233645,0.05252253518193644,0.29779287878085015,1.2294852932680307,0.19694621999999995,535.9118999999482,9.679072969111741e-05,0.8515836070372732,0.21566184683195594,0.10784710749403399,0.3216632798474679,1.083465279240242,0.00999020000000006,160.39199999999255,-0.002080928275899845,0.8145629799341314,0.9544037272727273,703
389,3.4624781953271038,0.05246728465202556,0.2958120267918707,1.2285936417166738,0.19741938999999986,536.126900000032,9.659730886618439e-05,0.8503335710428255,0.21590927796143247,0.10774497419653849,0.3218662902190763,1.08556263505699,0.010001600000000055,160.31869999994524,-0.0020799836568164273,0.8145629799341314,0.9543424545454545,702
390,3.4625981289719627,0.05255836881577205,0.2944369309685593,1.2282027781142864,0.19704895,535.8940999999177,9.694487326697945e-05,0.8503335710428255,0.21537815895316803,0.10743085156581483,0.32378863541288583,1.0881882182727816,0.009995900000000058,160.39070000010543,-0.0020717611873231523,0.8145629799341314,0.9544131818181817,701
391,3.462529823364486,0.05248538278261716,0.2934108972876093,1.2274270511666114,0.19727415999999998,535.939200000139,9.66802478383463e-05,0.8514182374532201,0.2160052820936639,0.10821256986032644,0.3601611911570215,1.0938174046199045,0.009988300000000061,160.2925999998115,-0.002087654946685335,0.8145629799341314,0.954374,700
392,3.4626174074766354,0.05256172867910985,0.2888914008965915,1.2264247915913207,0.19719750000000003,536.064000000013,9.714334609976696e-05,0.8515836070372732,0.21498457520661157,0.10769531767852454,0.3761866233287683,1.0983482035148722,0.009970800000000057,160.4114000000991,-0.0020751608347331727,0.8145629799341314,0.9543064545454545,699
393,3.462536844859813,0.05252077029187169,0.28979454128865356,1.226859714161397,0.19713471999999999,535.8200999998953,9.711665433904742e-05,0.8520597996644087,0.2151351947658402,0.10783468925073039,0.33321814008365047,1.0860164945444437,0.009974300000000103,160.3255000000354,-0.002080144598547097,0.8145629799341314,0.9542560909090909,698
394,3.4626281177570095,0.05259407173781667,0.28512776792316785,1.2252744114610563,0.19727868999999998,536.0944999998901,9.752782498274911e-05,0.8514182374532203,0.21451207961432506,0.10731248505551867,0.36113379289794256,1.0937670566484374,0.009948600000000196,160.36040000012144,-0.002069306848122476,0.8253013932756803,0.9542230909090907,697
395,3.462703239252337,0.05266283889705457,0.27546449876481294,1.222661205222865,0.19726250999999995,536.2972000001464,9.815949219960421e-05,0.8503335710428256,0.21270790303030299,0.10567641271913551,0.3223869153079484,1.0817035080248751,0.009852900000000053,160.36700000008568,-0.002039774264611124,0.8253013932756803,0.9542321818181817,696
396,3.46274843364486,0.052716289897404206,0.27313578179458453,1.2221565581163014,0.1970826400000001,536.0305000001099,9.847270815379982e-05,0.8527016614044034,0.21357422699724515,0.10729684030043846,0.3661760709301478,1.1012921161903906,0.009891500000000164,160.41030000010505,-0.002066093388707217,0.8145629799341314,0.9541444545454545,695
397,3.462937580373832,0.05276563996162555,0.26721213958624457,1.219923384195876,0.19727671000000002,536.159100000048,9.869960749942911e-05,0.8503335710428256,0.21309184104683196,0.10640226720334402,0.32654760759607804,1.085308172293129,0.009883099999999923,160.39360000006855,-0.002053017108506736,0.8253013932756803,0.9541027272727272,694
398,3.4632202626168227,0.052923510403637,0.26605752447460373,1.219787369691156,0.19718325999999997,535.972000000067,9.93067454633953e-05,0.8503335710428256,0.21285911460055096,0.10603459046335435,0.34167912220800467,1.086641015225953,0.009872300000000056,160.38060000003316,-0.0020461005012146084,0.8145629799341314,0.9540477272727271,693
399,3.4634650364485977,0.053069212393534466,0.2691292746048224,1.2213180794349243,0.19625539999999997,535.2183000000659,9.960610880643625e-05,0.8503335710428256,0.21148940578512399,0.10468383891874555,0.26345289698465857,1.0666797212360537,0.009815099999999966,160.3666999998968,-0.0020232113262278377,0.8253013932756803,0.9540174545454545,692
400,3.4635692261682247,0.05309030603704451,0.26028262010081615,1.2184543237595937,0.19691376000000005,535.7589000000153,9.999319601992848e-05,0.8503335710428256,0.21152584545454542,0.10474851074153568,0.30211109932567926,1.076865386236327,0.009799500000000183,160.30159999988973,-0.0020236157536394476,0.8145629799341314,0.9539443636363635,691
401,3.463611645794393,0.053095212090258075,0.2578603312823633,1.2175801098588335,0.19673897000000007,535.5925000000279,0.00010008986712354491,0.8503335710428256,0.214551371875,0.1037280983880646,0.2104725170650843,1.0426474588058288,0.009646299999999997,155.3536000000313,-0.0020723668057493266,0.8042213715120483,0.953945818181818,690
402,3.4636510448598132,0.05315407363846753,0.2566452968661981,1.2176243038290808,0.19681815999999996,535.5427000001073,0.0001005114690684646,0.8517606925376281,0.21430277933884292,0.10738969736782765,0.3561562103475011,1.0935937906897355,0.009923200000000021,160.39969999995083,-0.002069816210940718,0.8145629799341314,0.9537749999999998,689
403,3.4636411102803732,0.0531372666019755,0.2515370158475072,1.2156249910147126,0.19682911999999997,535.619499999797,0.00010046533264658182,0.8560135085097408,0.21444527613636363,0.104167377159321,0.21760537797961232,1.0488083588810277,0.009617100000000045,155.2302000001073,-0.002081740273719131,0.8152953602705206,0.9538641818181817,688
404,3.463679123364486,0.05315863735679855,0.247570400873113,1.2144228102353598,0.19704767999999995,535.7543999999762,0.00010067285368414101,0.8514516254099557,0.213861840625,0.10358670284123318,0.23180580991920774,1.051890589551173,0.009608300000000014,155.40729999984615,-0.0020675080227858626,0.8152953602705206,0.9537686363636363,687
405,3.463741941121496,0.05320985318325701,0.24617732129369685,1.214066838916347,0.19712454000000001,535.936599999899,0.00010099549834244747,0.8545915036946302,0.21012900220385672,0.1039136340441354,0.2806178201731351,1.0741825535790668,0.009743199999999952,160.40130000002682,-0.002006105171535689,0.8145629799341314,0.9537971818181817,686
406,3.4637725065420564,0.05317252309799352,0.23604483642034912,1.2106913487425321,0.19816970000000012,536.6168999999063,0.00010122693200773746,0.8555418596749996,0.20962960991735535,0.10305109401431413,0.2795022760672836,1.0678136089368222,0.009737900000000188,160.46070000017062,-0.001991549470935721,0.8253013932756803,0.953789818181818,685
407,3.4638804495327107,0.05330852188723103,0.2361844308014236,1.2110214751144759,0.19708408,535.9421999999322,0.00010182308168333836,0.8579099500365774,0.21266613607954543,0.1030567737573631,0.24002828629287976,1.0499881206286452,0.009555699999999945,155.3871999999974,-0.002058017128036242,0.8152953602705206,0.9537134545454544,684
408,3.4639393336448596,0.05336542836096627,0.23381038998343806,1.2105849135416773,0.1970576599999999,535.9977000001818,0.00010204269129842605,0.8536454181481632,0.20953107245179065,0.10328761269297887,0.2700625919598063,1.0672628006863256,0.0097159,160.38280000002123,-0.001996825410031335,0.8253013932756803,0.9537559999999998,683
409,3.464016446728972,0.0533692042444632,0.2323432572671602,1.2098449842687775,0.19731847000000002,536.1465000000317,0.00010206689259591059,0.8558843147594075,0.2127722448863636,0.10314506871334908,0.21177911045183473,1.047846037707312,0.009549800000000053,155.2935000001453,-0.002060926545924343,0.8152953602705206,0.9537619999999999,682
410,3.4640885401869164,0.053393837551185874,0.2288114657548892,1.2088152383959425,0.19744196999999986,536.1367999999784,0.00010225569723913873,0.8550725396429655,0.21259054971590907,0.10243777106624997,0.19189665290929803,1.0383158077345866,0.009553399999999934,155.3871999999974,-0.002047231184402802,0.8152953602705206,0.9537858181818181,681
411,3.4641315336448595,0.053439780534663577,0.23312815102773854,1.2095739108420824,0.19708208000000005,535.9422999999952,0.00010228307044814677,0.8544327333471866,0.21234118011363634,0.10262521382429843,0.20849040118249418,1.044807060166428,0.009548299999999843,155.3456999999471,-0.00205058433044231,0.8152953602705206,0.953715909090909,680
412,3.4642644018691584,0.05350503518952631,0.2235264875536247,1.2071475837525196,0.19734701,536.124599999981,0.00010293908185609238,0.8558843147594075,0.20797585013774103,0.10218901690620855,0.28073388475896177,1.0684857838861954,0.009648600000000007,160.4313999998849,-0.001974749867972709,0.8038245665925823,0.953537,679
413,3.4642150327102805,0.05351874260424287,0.22140232559995976,1.2067248112021318,0.19742325999999988,536.2054999999236,0.00010325963933626895,0.8564879452214667,0.2106979755681818,0.10138749838694504,0.14638863370414468,1.0308821397083103,0.009486800000000128,155.40570000000298,-0.0020265687006382153,0.8152953602705206,0.9535940909090909,678
414,3.4642452383177567,0.05350919117224848,0.22348472707326295,1.2071718783702137,0.1971834199999999,536.0227000000887,0.00010298599096644346,0.8593946460470422,0.21175984517045454,0.1026568118095849,0.22183550710972222,1.0539202182493983,0.009508800000000095,155.38939999998547,-0.002047931737590371,0.8152953602705206,0.9535532727272727,677
415,3.464440401869159,0.05365383187377435,0.21529733255559158,1.2048159682463533,0.19718013000000012,536.0494999999646,0.0001039075349305524,0.8559801205530053,0.21077554687499997,0.1010040366677005,0.18301004565179735,1.031843949322112,0.009474900000000064,155.3619999999646,-0.0020200489169270378,0.8152953602705206,0.9535091818181817,676
416,3.464455244859813,0.05366990464146729,0.21491219408012663,1.2044228458710857,0.19718266000000007,535.9982000000309,0.00010392350786380987,0.8561454901370589,0.21085949602272724,0.10159371574994211,0.16129008035584347,1.035206821052996,0.009476499999999888,155.39500000001863,-0.0020306067744316034,0.8152953602705206,0.9534969090909091,675
417,3.465623135185185,0.054666489241929586,0.08778479641407522,1.1690394962176371,0.20013006999999994,538.0357999999542,9.056199135180978e-05,0.8565384201724041,0.21400809641873275,0.10755205594013904,0.28724126328843447,1.0807625260481728,0.009928700000000124,160.46230000001378,-0.002074229983122855,0.8145629799341314,0.9534849999999999,674
418,3.4645940074766357,0.053725013573868885,0.21049711712770813,1.2032458308875655,0.19716873999999995,536.1141999999527,0.00010426415625365505,0.8548954541426108,0.21062247698863634,0.10125193119483661,0.17362898692723494,1.0314473881608215,0.009462599999999988,155.34210000000894,-0.002025230294466268,0.8152953602705206,0.9534405454545455,673
419,3.4646246140186916,0.05371460044659768,0.21193536156348936,1.203505100744236,0.1970264599999999,535.8338000001386,0.00010421590994753941,0.8567918956694472,0.21031772414772726,0.10095570859943881,0.15938254811066743,1.0256383211653246,0.009461799999999965,155.42909999983385,-0.00201976920432298,0.8152953602705206,0.9533649090909089,672
420,3.463481251886792,0.05251875427762513,0.30808254388436973,1.2281458410847652,0.19595805999999993,531.6166000000667,9.376694911205929e-05,0.8551583592334587,0.20994296051136363,0.10130103662311508,0.17902811549114706,1.0369979080266651,0.009426900000000016,155.35969999991357,-0.0020238776553415604,0.8152953602705206,0.953406818181818,671
421,3.464733567289719,0.05377659643476079,0.21406613160828636,1.2044280622746353,0.19677260000000008,535.4846999999136,0.0001044057319919883,0.8561454901370587,0.2097987971590909,0.10068208501500626,0.12007240601004021,1.0213685870718727,0.009445599999999832,155.4307999999728,-0.0020140591429869377,0.8152953602705206,0.9533494545454544,670
422,3.463564472641509,0.05250741487592839,0.3067366345298628,1.2272183056383235,0.19562664000000007,531.0953999999911,9.375691731010013e-05,0.8584381675576873,0.20975578948863635,0.10083579668521163,0.17191550425377722,1.031447882905201,0.009418700000000113,155.33480000006966,-0.0020176519541108755,0.8152953602705206,0.9533348181818182,669
423,3.463667618867925,0.05261967752888305,0.30378866155895556,1.2270573809378422,0.19552764,531.1384000000544,9.432685053670982e-05,0.8517885027809498,0.2086082528409091,0.09999576413398312,0.12698603557202315,1.0165503757468362,0.00938810000000001,155.27370000001974,-0.00200446983468233,0.8263693490289931,0.9532746363636364,668
424,3.4635981924528303,0.05254162787594631,0.302817084340147,1.226806119169627,0.19557228999999987,531.0537000000477,9.406488655192492e-05,0.8510390135239763,0.20873895937499998,0.10065253016208997,0.14176809375507116,1.0266716547948365,0.00938949999999994,155.36569999996573,-0.0020132477535663345,0.8152953602705206,0.9531308181818182,667
425,3.4637186075471695,0.05265567238224777,0.2959011259644222,1.225187110947442,0.19546825999999995,531.124499999918,9.472864587606282e-05,0.8523008423108246,0.20863913267045453,0.10038670844791524,0.1944609589212618,1.040031657889191,0.009362000000000092,155.30269999988377,-0.0020068416507108165,0.8152953602705206,0.9529953636363635,666
426,3.463772601886793,0.05271621903792668,0.28498999609847075,1.2224547650777857,0.19576462999999988,531.2909000001382,9.558447328129852e-05,0.8584381675576873,0.2067867721590909,0.09971001174339772,0.1726950114735506,1.034247599466842,0.00927929999999999,155.37750000017695,-0.0019937223506202575,0.8152953602705206,0.9530759999999999,665
427,3.4638892830188683,0.0527497237544425,0.28326337066152885,1.2212936890360884,0.19584735999999991,531.4486000000034,9.545532352753822e-05,0.8526465281035761,0.20735418267045452,0.09949973991327368,0.20078697618059715,1.0396355747418087,0.009320899999999854,155.2827999999281,-0.0019899980089929815,0.8152953602705206,0.9530270909090909,664
428,3.4639681292452833,0.052787027594333666,0.279440225550148,1.2205823217489846,0.1958363099999999,531.3902000000235,9.576873290619181e-05,0.8546912731475116,0.2069799855113636,0.09895039855921005,0.18199257484405562,1.0340496541815547,0.009308799999999895,155.3131000001449,-0.0019794500165842364,0.8152953602705206,0.9530068181818181,663
429,3.4639136358490568,0.0527488536604779,0.2813402477306006,1.220855217565206,0.1959490399999999,531.3958000000566,9.556338548334546e-05,0.8555040450262101,0.21935079943181818,0.10984377724744997,0.2512572725029578,1.0661296398061768,0.009835199999999933,155.35269999993034,-0.0021881439848840515,0.8152953602705206,0.952992,662
430,3.4639588311320746,0.05278993447847415,0.27853223013674766,1.2203258609325338,0.19589094000000007,531.2972999999765,9.566904089796308e-05,0.8526465281035761,0.21911001420454546,0.11002469753282174,0.2625481698117138,1.069549986893481,0.009809899999999816,155.33869999996386,-0.002191034508694581,0.8152953602705206,0.9528741818181817,661
431,3.463979920754717,0.05282875713795737,0.27257003523668244,1.218647661663543,0.19601449000000004,531.4527000000235,9.630043231808547e-05,0.8555040450262101,0.20649122329545455,0.09915648863950385,0.1604459375700764,1.0308747723990297,0.009262499999999951,155.38770000007935,-0.0019826868202738853,0.8152953602705206,0.9528719999999998,660
432,3.464158848113207,0.05293538850007391,0.26451889821951946,1.2161975758699946,0.19608651,531.465099999914,9.691979373151676e-05,0.8556439332567785,0.21786471562499998,0.1088805612115281,0.29044375742518724,1.0749590152624915,0.009764899999999965,155.3760000001639,-0.0021673681287150384,0.8152953602705206,0.952847,659
433,3.4643183216981135,0.053015424259515075,0.2667585167783577,1.2170259066629812,0.19583233,531.2362999999896,9.713417162310643e-05,0.8559896190495299,0.2178600127840909,0.10866811691005522,0.25593749454906733,1.0644372983093702,0.009770099999999893,155.34299999987707,-0.0021657609273230045,0.8152953602705206,0.9528159999999999,658
434,3.464515813207547,0.05308380743046848,0.2610056500858362,1.2148696051785792,0.19573209999999996,531.1491999998689,9.739647645482147e-05,0.8580343640934655,0.21796614573863635,0.10879153620662513,0.27882190712378474,1.0711408407101202,0.00975730000000019,155.32969999988563,-0.0021664748136096647,0.8152953602705206,0.9527326363636363,657
435,3.464646603773585,0.053152015223738774,0.25940677532778,1.2147097933963569,0.19579387999999986,531.1490000002086,9.779137827871246e-05,0.8523008423108247,0.21682063011363634,0.10802838075758968,0.2829389735301211,1.0692250392925142,0.009725999999999901,155.49849999998696,-0.0021494084081658676,0.8152953602705206,0.9526917272727272,656
436,3.464778058490566,0.05321241978275529,0.25141983105557175,1.212299071678968,0.19606649999999992,531.3684999998659,9.815932412424404e-05,0.8523008423108247,0.21666499005681816,0.10722428610465307,0.24227489621132747,1.056541841968391,0.009730900000000098,155.3314999998547,-0.0021392285324153167,0.8152953602705206,0.9526721818181817,655
437,3.4636195790476187,0.0519530910756478,0.3513817503908605,1.2367549162323697,0.19592599999999993,531.2325999999885,0.00011315066267685137,0.8551072648001405,0.21667148749999998,0.10778582945919979,0.23912186459294116,1.0603924164509255,0.009714299999999954,155.3601000001654,-0.0021487746080326143,0.8152953602705206,0.9526242727272727,654
438,3.4637074733333333,0.052007070117840455,0.34890945607242463,1.2361911403797003,0.19585036,531.2576999999583,0.00011340561128567655,0.8551072648001405,0.21435538374655644,0.10910521363365214,0.2633263036752682,1.0774722981191114,0.009913499999999908,160.35899999993853,-0.0021043192216829293,0.8078777136048828,0.9525862727272727,653
439,3.463828737142857,0.0520792169836403,0.3408351360588031,1.2343945390570528,0.19600437000000004,531.1749999998137,0.00011404392067346817,0.8517323348927965,0.21455652102272726,0.10576856856207038,0.21492294885455143,1.0479192280975302,0.009631100000000004,155.35419999994338,-0.0021116882337616164,0.8152953602705206,0.9525203636363635,652
440,3.4639632276190477,0.052170418822516884,0.33685992568312884,1.2329317230428867,0.19596873000000004,531.3225000000093,0.0001145590607895663,0.8525985318851621,0.21383552102272724,0.10544783760475972,0.21114617372522915,1.0521103855484417,0.009593299999999916,155.42950000008568,-0.0021028626696857114,0.8152953602705206,0.9523735454545453,651
441,3.46403305047619,0.05224099000497621,0.3356799712037959,1.2331081889186224,0.19573967000000003,531.1399000000674,0.00011484094582263072,0.8517759247263705,0.21337544431818178,0.10501660548057494,0.1988782613938338,1.04618060136947,0.009571900000000078,155.30920000001788,-0.002097106798192613,0.8152953602705206,0.9523804545454545,650
442,3.4641210742857136,0.052252386607253176,0.3282779223659351,1.2305153950438206,0.19618768999999991,531.5208000000566,0.0001149954265777453,0.8522158084942694,0.21339426136363637,0.10493911854744828,0.25637736458860116,1.0566793816955649,0.009560800000000036,155.44250000012107,-0.002093522006048909,0.8152953602705206,0.9523932727272727,649
443,3.4642309771428574,0.052345181066367714,0.3275703370199725,1.23077357128986,0.19583390000000012,531.2821999997832,0.00011554218794827562,0.8517323348927965,0.2131279755681818,0.10527127670140536,0.24467165431602966,1.0614465502975607,0.009551100000000146,155.4429999999702,-0.002096677731370512,0.8152953602705206,0.9523167272727271,648
444,3.464401113333333,0.052431659826281084,0.32773294945495524,1.2310059250131697,0.1956023600000001,531.0303999998141,0.00011584301973211951,0.8536648991153822,0.20921002170087974,0.09830826841343797,0.05959215575887988,0.9972805345426551,0.009095500000000145,150.33480000006966,-0.002035352985068254,0.8163327165964299,0.9523337272727271,647
445,3.4646136485714285,0.052527713688287216,0.318226349595792,1.2279164446886246,0.19591588999999998,531.2659999998286,0.00011651765799737133,0.8528745265129892,0.212607021875,0.10428273271184803,0.23716871572732678,1.0549609109408817,0.009531700000000143,155.3452999999281,-0.00208079840887276,0.8152953602705206,0.9522022727272725,646
446,3.4649217561904764,0.05272429310381965,0.31573026253738945,1.2273283846751242,0.19544939999999988,530.9510999999475,0.00011738559629517631,0.8528745265129892,0.21146378267045451,0.10267258061363979,0.16929165683859493,1.0313408560601716,0.009512100000000023,155.35969999991357,-0.002053738075921105,0.8152953602705206,0.9520674545454544,645
447,3.4640108730769232,0.05154874784414899,0.40784858452592054,1.2487790895738753,0.19438864999999994,526.5152000000235,0.00010724346183447288,0.8512185060215449,0.21097208380681817,0.10228372675499718,0.16851836389828545,1.0337900933163542,0.009471900000000089,155.37800000002608,-0.0020448291283203914,0.8152953602705206,0.9520202727272727,644
448,3.4641797009615383,0.05162414500848596,0.40391561571431733,1.2477145903520817,0.1944091,526.5168000000995,0.00010770731998802804,0.850597463142311,0.2107202071022727,0.10216744350330473,0.22187447693273077,1.0448668992454833,0.009472700000000112,155.37290000007488,-0.002041948565392651,0.8152953602705206,0.9519303636363636,643
449,3.464330195192308,0.05168964129279052,0.39785620771684016,1.246174642321709,0.19438533000000002,526.5072000001092,0.00010808953352628633,0.8512185060215449,0.2102446630681818,0.10181534877030195,0.15349194898124896,1.0330228751376014,0.009459400000000118,155.50510000018403,-0.0020335512390303543,0.8152953602705206,0.9519350909090908,642
450,3.4645349240384613,0.05177464521692021,0.38603192453700963,1.2425702170670558,0.19458567000000004,526.5200000000186,0.0001087045307768168,0.8512185060215449,0.21015642585227273,0.10135736352900612,0.16490554014241043,1.0281698906370058,0.009456800000000154,155.38159999996424,-0.002027074961934627,0.8152953602705206,0.951861818181818,641
451,3.4633370834951447,0.050397921692453204,0.49587181882894305,1.2678093814957476,0.19440051999999997,526.3689999999478,0.00012449346451303369,0.8482624677607097,0.2098550477272727,0.10112969461197392,0.10483595890432662,1.0133990769729617,0.009456300000000084,155.46329999994487,-0.0020245415769943064,0.8152953602705206,0.9518630909090907,640
452,3.4634047029126216,0.05050119321447347,0.5002928698987503,1.269725813173434,0.19370633000000004,525.906799999997,0.00012489275117938848,0.8515311385837915,0.2094877494318182,0.10135951522708624,0.18322426954837123,1.037931015504974,0.0094247999999999,155.40950000006706,-0.0020258887407889783,0.8152953602705206,0.9517602727272727,639
453,3.4633853864077677,0.05051324239238627,0.4843278722444495,1.2654871426060137,0.19452872,526.6086999999825,0.0001254257861241462,0.8521582110055422,0.20843792130681815,0.10068252027968157,0.12949285573401825,1.0185762744082874,0.009400400000000086,155.55600000009872,-0.0020133706092729177,0.8042213715120483,0.9517858181818181,638
454,3.464505125,0.051806765887845274,0.3857667784607357,1.243505271360216,0.19472062000000012,526.6267999999691,0.0001089448214715216,0.8533025730855562,0.2086897650568182,0.10066528919437681,0.1495981588626747,1.0288332534445317,0.009402300000000086,155.6064999999944,-0.0020101233114258286,0.8152953602705206,0.9518560909090908,637
455,3.4643148990384613,0.05173038995423843,0.39445153307823055,1.245997257376731,0.19447461,526.4327000000048,0.00010847953210580465,0.8512185060215449,0.2152090707988981,0.10986923445699011,0.2809864910816722,1.0787919060926296,0.009975599999999973,160.57259999983944,-0.0021167315253822656,0.8145629799341314,0.9517405454545455,636
456,3.4640522413461534,0.05160117787032741,0.39815623872119543,1.2468730064719575,0.19452025000000006,526.4427999998443,0.00010788026654322994,0.850597463142311,0.20904990369318183,0.10204810360374034,0.22028785515517324,1.0528914713295747,0.00939650000000003,155.53649999992922,-0.0020336528761504915,0.8152953602705206,0.9517769090909091,635
457,3.463998534615385,0.05158652950175172,0.39409954894645516,1.245922499096407,0.1945320599999999,526.5759000000544,0.00010821021670623234,0.8526815302063224,0.21173018475073316,0.10045114179349014,0.1265273583014661,1.0171388274443718,0.009222699999999806,150.52069999999367,-0.002073443541334996,0.8163327165964299,0.9517188181818181,634
458,3.4639758048076925,0.05158337255326196,0.3958772413568141,1.2464670912188431,0.1945889500000001,526.4761000000872,0.00010807381222679348,0.8512185060215449,0.21191785689149556,0.10110651906966683,0.13241955170235054,1.0178877488680727,0.009215600000000101,150.48960000020452,-0.0020874756684310233,0.8163327165964299,0.9517445454545453,633
459,3.4639867451923076,0.051575250333069755,0.39540327023190347,1.246455456420816,0.19454483999999994,526.4365000000689,0.00010808681954053256,0.850597463142311,0.21701311505681817,0.10890911579273357,0.26771222361803293,1.0689140879751131,0.009751400000000077,155.58050000015646,-0.0021663420295265326,0.8152953602705206,0.9516477272727272,632
460,3.464069906730769,0.051728664797580454,0.38578791660409895,1.2444353793931642,0.19451516000000002,526.779399999883,0.0001090500837659862,0.8520164783604993,0.20997942903225805,0.0994935580361447,0.12168012243541115,1.0123939968434925,0.009150200000000108,150.5285000000149,-0.0020553061326688228,0.8163327165964299,0.9515529999999999,631
461,3.4640511548076924,0.0516898742276969,0.3820783796616043,1.2432585948602524,0.19482984999999986,526.8529000000563,0.000109134839793978,0.8513954354812654,0.21037708035190616,0.10035997356258809,0.1541202273183595,1.0265127168824804,0.009149799999999875,150.4317999999039,-0.0020710119856431177,0.8163327165964299,0.9515238181818182,630
462,3.464095393269231,0.05173122654696531,0.37512276171466663,1.2412180413126621,0.19460434999999998,526.6021000000183,0.00010939953854551838,0.8526815302063224,0.21003581554252193,0.1000753444075221,0.12175149100670479,1.01433551912464,0.009139699999999973,150.4079000002239,-0.0020689167531612457,0.8163327165964299,0.9515194545454544,629
463,3.464130667307692,0.051771121530703595,0.3732193678622555,1.2406099126750074,0.19449211999999994,526.5411000000313,0.00010976541997407702,0.8512185060215449,0.20906270586510264,0.09901414789223019,0.09114436541439286,1.0054840578969668,0.009108399999999905,150.44549999991432,-0.0020474818070489054,0.8163327165964299,0.9514335454545454,628
464,3.464138746153847,0.05175874891479171,0.3733321650420178,1.240790769281255,0.19455416000000003,526.5138999999035,0.00010978565791350885,0.8512185060215449,0.20613868892045453,0.10015334420647218,0.15066073394831658,1.0353022548631594,0.009271999999999947,155.50150000001304,-0.001999245272390449,0.8152953602705206,0.9514440909090908,627
465,3.4642678394230773,0.051889251364030095,0.3614563023924391,1.237728956904494,0.19470624999999997,526.8542000001762,0.0001106320029754541,0.8526815302063224,0.2171230846590909,0.10932511961548876,0.26962222135077596,1.0739395317379743,0.009742599999999824,155.4189999999944,-0.0021744045610892905,0.8152953602705206,0.9514242727272727,626
466,3.4643742057692313,0.05194292079332203,0.36005288132635993,1.23749079982321,0.19458721999999995,526.6362000000663,0.00011085761005063825,0.8533025730855562,0.21706189971590908,0.10990462144725234,0.299227919916635,1.078277880742417,0.009737299999999838,155.45760000008158,-0.0021861672076531093,0.8152953602705206,0.9513250909090909,625
467,3.4644860317307695,0.052011866407304735,0.3539915632816384,1.235882281042677,0.1944933299999999,526.5129999998026,0.00011128721060697228,0.8539236159647902,0.21712178465909088,0.10922062608378445,0.1871198182330014,1.0504394237773815,0.009724899999999925,155.41639999998733,-0.0021772855424629185,0.8152953602705206,0.9513265454545453,624
468,3.4645147605769226,0.052041241248951174,0.35671345005823607,1.2370929035617304,0.19434741999999994,526.4456999998074,0.00011140539416837995,0.8526815302063224,0.21580945454545453,0.10904020139343876,0.299802684574376,1.0796421782409018,0.009681800000000074,155.4274999999907,-0.002168771566776769,0.8152953602705206,0.9512517272727272,623
469,3.464537538461538,0.05204454666653844,0.363584897965918,1.2385497556607916,0.19368574000000005,525.7979999999516,0.00011112803566358626,0.8516095843083711,0.2076228029325513,0.0983215964220014,0.09125691817907944,1.0049040346858225,0.009048999999999863,150.5034999998752,-0.002033002315682605,0.8163327165964299,0.9512248181818181,622
470,3.4647165826923074,0.05210540629923574,0.3532604122966294,1.235645192854387,0.19401417999999993,525.9262999999337,0.0001116741675682602,0.8512185060215449,0.21604623494318181,0.10890103603341249,0.23205631460015885,1.0616932493557114,0.009681099999999887,155.38579999981448,-0.0021696974508092974,0.8152953602705206,0.951093909090909,621
471,3.464881033653846,0.052205893419770444,0.3509376322277631,1.2354839947474308,0.1940930099999999,526.1015000001062,0.0001122016119211932,0.8499324112964879,0.2147013323863636,0.10736906577323627,0.2298284044871557,1.058407902312301,0.009615099999999988,155.4228000000585,-0.002139972196967034,0.8152953602705206,0.9510977272727271,620
472,3.465016493269231,0.05226406294191413,0.34494896114762463,1.2333503062469402,0.19423686000000007,526.1822999999858,0.0001124910419947733,0.8525046007466017,0.21754398328445748,0.10681262023635399,0.16594065548035175,1.0331343144661338,0.00944670000000003,150.4270999999717,-0.002202132160299382,0.8163327165964299,0.9510381818181817,619
473,3.4638033533980583,0.050914391723581615,0.4491876963690453,1.257433213475554,0.19392978000000016,525.8835999998264,0.00012867154037420503,0.8536285837909753,0.21447710937499997,0.10770131575092241,0.26063273304143575,1.0671715730461069,0.00959869999999996,155.38549999985844,-0.002145342215642872,0.8152953602705206,0.9510609999999998,618
474,3.463827974757281,0.0509471500746717,0.4476337987550183,1.2574569844706551,0.19410679000000008,526.0396000000183,0.00012894216787381148,0.8543000924508353,0.21403545198863633,0.10703519332768303,0.29106878409338854,1.0719630850845887,0.009596400000000171,155.41669999994338,-0.002131578280597445,0.8152953602705206,0.9510090909090909,617
475,3.4639071184466026,0.05096263435906965,0.445350875606382,1.2567375641520038,0.19419793000000007,526.0256000000518,0.00012903197653866137,0.8500539102807152,0.21366059857954542,0.10662074124814598,0.19068416996398474,1.0514699531861766,0.009580499999999992,155.43739999993704,-0.002125091264339976,0.8152953602705206,0.950913,616
476,3.463404691346154,0.051205266700194825,0.4596773148936042,1.252539353122914,0.19412462000000008,526.0912999999709,0.00013269241046053306,0.8573799891202206,0.21623723695014657,0.10587595562868188,0.17727363500675697,1.0397199516361557,0.009393800000000008,150.51799999992363,-0.0021803533909029197,0.8163327165964299,0.9509249999999999,615
477,3.4641730650485436,0.05114087672000481,0.43343376250053955,1.2541528610836743,0.1944310800000001,526.2919999998994,0.0001301525332455679,0.8508972106443976,0.21199950482954544,0.10540449402449505,0.22228531992310918,1.0521925363947717,0.009532000000000096,155.45760000008158,-0.0021021133984630656,0.8152953602705206,0.9508571818181818,614
478,3.4636658182692313,0.05133858865422125,0.4461644434937968,1.2486403703326479,0.19439627999999998,526.2128000000957,0.0001337259577192654,0.8596537411513283,0.21559935249266865,0.10532657483724851,0.16158500388009234,1.0336539579206383,0.009360999999999953,150.46460000006482,-0.0021712245350089766,0.8163327165964299,0.9506976363636362,613
479,3.464855418095238,0.052352760465972176,0.28693074019162923,1.2080299583467735,0.20038741999999987,530.564900000114,0.00011824662005730069,0.8612152812476574,0.2144697771260997,0.10434619945051894,0.1587352882135531,1.0312893253517736,0.009320900000000076,150.4806000001263,-0.002151338044660389,0.8163327165964299,0.9506640909090908,612
480,3.4639360644230766,0.051469401742530146,0.4413386877686709,1.2476723717549627,0.19414652,525.8928000000305,0.0001344788493780515,0.8586660838452775,0.21467853137829906,0.1049613343297418,0.16187234602112177,1.0372574571620665,0.00932489999999997,150.49190000002272,-0.002162275268898902,0.8163327165964299,0.950611909090909,611
481,3.464028148076923,0.05157752290284773,0.4373300106505389,1.2472172415648786,0.1940910400000001,526.0095999999903,0.0001350352463941846,0.8554288425493408,0.21410613988269792,0.10402876146128201,0.10160162598063893,1.015058919575186,0.009287599999999951,150.38739999989048,-0.0021493162362447504,0.8163327165964299,0.9505417272727271,610
482,3.4641732605769233,0.05163017553388417,0.43480396188739734,1.245937670210028,0.19421540000000004,526.0038000000641,0.00013538042718280876,0.8567149372743978,0.208949653372434,0.10012438180036595,0.16399566997617088,1.025073930340437,0.009067800000000181,150.4806000001263,-0.002066579050644722,0.8163327165964299,0.9504372727272727,609
483,3.4642161971153844,0.051338899629843976,0.3555582311368397,1.2231632081509625,0.19972798000000003,526.3453000001609,0.00010954812037963623,0.8580010319994547,0.20923172961876832,0.10004491540774584,0.1334260491705046,1.019094851756597,0.009095300000000028,150.3925000000745,-0.002067158806183559,0.8163327165964299,0.9504522727272726,608
484,3.463196545631068,0.05039208832686831,0.5248671813471661,1.2650330592304408,0.19280366999999998,521.2390999998897,0.00012552426247728116,0.85784539677038,0.21318012639296186,0.10328955412304695,0.13142399688367412,1.0240562174106458,0.00926629999999995,150.4887999999337,-0.0021305781046161393,0.8120180762284973,0.9504154545454545,607
485,3.4632771106796114,0.050418869881274433,0.5298404168757398,1.2664488415919957,0.19276105999999993,521.1976999999024,0.0001254567436009222,0.853633615202319,0.21284851378299116,0.10307211948139329,0.14148779975399473,1.0227735873149508,0.009256000000000153,150.44839999987744,-0.0021276335551695864,0.8163327165964299,0.9503443636363635,606
486,3.463647405825243,0.050683841489327336,0.5038165095611236,1.2616599461859828,0.19303258000000012,521.6381999999285,0.00012735408711717864,0.8543054078365342,0.21061706129032257,0.10101926898246003,0.1499635735837992,1.0270547276999664,0.009181000000000106,150.5289000000339,-0.002083102239079672,0.8163327165964299,0.9502569999999999,605
487,3.4644493245098036,0.05067520787544236,0.47573095909472674,1.2626249292499785,0.19320031000000004,521.8988000000827,0.00012477419886603063,0.8464416621801117,0.21041536744868033,0.10071955523331953,0.11651596533484954,1.0136347711100955,0.00916220000000001,150.45100000011735,-0.002081379622570313,0.8163327165964299,0.9501760909090908,604
488,3.463969927184466,0.05090397007693766,0.48051886427378543,1.254832929346402,0.19334478,522.1180000000168,0.00012881901739923642,0.8567186073925915,0.2093040073313783,0.10000946664249358,0.09729356035847303,1.0055063960234498,0.009094599999999842,150.4819000000134,-0.002067434098289871,0.8163327165964299,0.9500795454545453,603
489,3.4639735300970873,0.05087635832700692,0.4864021792809896,1.2562299100457295,0.1933438500000001,521.8331000001635,0.00012858976735111776,0.8572183243486293,0.21021039208211145,0.10044713222743494,0.11441876092073056,1.0101410870884517,0.009134500000000045,150.46589999995194,-0.0020757101976836513,0.8163327165964299,0.9500759090909091,602
490,3.465162404807692,0.05188630436271655,0.3151556879945945,1.2134418818603026,0.20007774,526.7412000000477,0.00011298639950614275,0.8586660838452775,0.2183414764204545,0.11101603167273064,0.2324410819553453,1.068400523307824,0.009771299999999927,155.48179999995045,-0.0022079333070940776,0.8152953602705206,0.9500001818181818,601
491,3.465020951923077,0.05186358659094173,0.31735194427708446,1.2138531023688344,0.19997604000000002,526.6506999998819,0.0001128720415117171,0.8586660838452775,0.21773038749999998,0.11063133738397168,0.2373754544561506,1.066239251437475,0.0097548999999999,155.39959999988787,-0.0022019955000549163,0.8152953602705206,0.9499771818181817,600
492,3.4650312403846155,0.05183331799098404,0.3161295026163491,1.2132688633667272,0.19997218000000005,526.6059999999125,0.00011280654532358234,0.8591588291660217,0.21759414488636364,0.11063308291843704,0.24695011997087857,1.0677231246590546,0.00976559999999993,155.4448000001721,-0.0022014801492132837,0.8152953602705206,0.9499601818181816,599
493,3.4651293163461534,0.05194090707180766,0.3131265890596402,1.2130688276072072,0.19985225000000006,526.4762999999803,0.00011335735738943709,0.8573799891202206,0.2166930639204545,0.11018736536740308,0.2645537279857493,1.0732510545499994,0.009714599999999907,155.46929999999702,-0.0021910244487685976,0.8152953602705206,0.949835,598
494,3.4664417142857142,0.05319548676430755,0.19432626483235316,1.1838137189352964,0.19907408999999998,525.9327000000048,0.00012360640841624598,0.85896282534857,0.21494074630681817,0.10874275498556178,0.2293659013917555,1.061399771144598,0.00965209999999983,155.42209999985062,-0.0021653784998040206,0.8152953602705206,0.9498104545454545,597
495,3.465326033653846,0.05200244842537985,0.3033853927706458,1.2106108080106461,0.19990430000000003,526.4300999999978,0.00011392047554909649,0.8573260120888224,0.2148095786931818,0.10822739891410955,0.20498423514285058,1.0534546334733392,0.009643100000000127,155.48970000003465,-0.0021563624405123638,0.8152953602705206,0.9498387272727272,596
496,3.4654298942307693,0.05207305019771135,0.3001364176543162,1.2096176653438933,0.19972654999999995,526.1833999999799,0.00011426319176887724,0.8573260120888224,0.21527766590909087,0.10877463298066307,0.22054876259453637,1.0629235083763773,0.00964469999999995,155.4199999999255,-0.002165620757256231,0.8152953602705206,0.9497163636363636,595
497,3.4655516490384617,0.05214377997917584,0.3012894571042235,1.2100959484428586,0.19964883999999994,526.1458000000566,0.00011455116196037603,0.8561232604336152,0.21830187357954545,0.11147607429303208,0.23437696723189472,1.067273965963098,0.009776899999999866,155.53019999992102,-0.0022159996821416333,0.8152953602705206,0.9496310909090907,594
498,3.4656884528846152,0.052205439103792606,0.2935795492803943,1.2081826475456796,0.1996287000000001,526.095500000054,0.00011503181260977145,0.8567049692095886,0.2141602823863636,0.10772402350592249,0.2548747767303867,1.067232918792346,0.009598599999999902,155.28390000015497,-0.0021463772088281,0.8152953602705206,0.9495753636363636,593
499,3.465780539423077,0.052289107437091066,0.2879913212553591,1.206006639203853,0.19983014,526.2648000000045,0.00011551222753323105,0.8587649345113695,0.21311593267045453,0.10706904111813753,0.21700695811810267,1.0618504120428955,0.00956620000000008,155.42820000019856,-0.002131690741112377,0.8152953602705206,0.9495521818181818,592
500,3.4658000134615388,0.05227892979408034,0.28611942740081675,1.206364642834836,0.20001815999999994,526.4525999999605,0.00011562985226216507,0.8552589839326569,0.21728967419354836,0.10754643205941812,0.24130475156720443,1.0580243092527795,0.009421499999999972,150.40749999997206,-0.0022124469064991456,0.8163327165964299,0.9495024545454543,591
501,3.4658195413461543,0.05228007686189784,0.2843227119150278,1.2054124450928752,0.19998110000000002,526.3353000001516,0.00011568603848628633,0.8580010319994545,0.21325708096590906,0.10688736431173963,0.2183325254261157,1.0548398215992356,0.009570300000000032,155.39079999993555,-0.002131004141743823,0.8152953602705206,0.9494310909090908,590
502,3.4660961730769233,0.05244526786879032,0.2764605549365826,1.2033471600003167,0.19996355,526.4148999999743,0.00011652965453921536,0.8558800268118907,0.21600216744868037,0.10602920007160176,0.12950067468767257,1.0262001532743636,0.00937560000000004,150.43770000012591,-0.0021870073790803083,0.8163327165964299,0.9493650909090908,589
503,3.466342183653846,0.05257328533767806,0.2702920267704698,1.2020659034385224,0.19999335000000007,526.3244999998715,0.00011726949408819011,0.8544950814207419,0.2118252664772727,0.10559597823360606,0.20287966714653294,1.0502265556413237,0.009507799999999955,155.39159999997355,-0.002106363229227706,0.8152953602705206,0.9492916363636362,588
504,3.4653495252427184,0.05144345717425451,0.37139855944469335,1.2258781216383505,0.19962904999999986,526.0941000001039,0.00013425297647346195,0.854932480258285,0.21492878240469201,0.10521663336737504,0.17716307172606616,1.0386578719445148,0.009326999999999863,150.40300000016578,-0.0021677869563983786,0.8163327165964299,0.9492232727272727,587
505,3.46418785882353,0.05006605502356505,0.4643437485622042,1.246050682373097,0.1984472399999999,521.4054999998771,0.00012361098564096,0.8556833715656155,0.21445017507331376,0.10420453231047448,0.15211623256737017,1.0242523137214548,0.009315399999999974,150.30680000013672,-0.0021527045362010077,0.8163327165964299,0.9490666363636363,586
506,3.464386860784314,0.05039960333064701,0.5056875700619048,1.2580115395060514,0.19423380999999995,518.374099999899,0.00012406313105797298,0.8519908311902226,0.21407348211143695,0.1038491872166009,0.12105847621228527,1.0200248565730832,0.009304999999999897,150.4265000000596,-0.0021439877177639346,0.8163327165964299,0.9491382727272727,585
507,3.4644320862745093,0.0502280170276028,0.4674038738441073,1.247159572304812,0.19752566000000005,520.7559999998193,0.00012416811410968965,0.8554754740173778,0.21438147771260996,0.10437946999186762,0.1440863147061613,1.0260557502968903,0.009294899999999995,150.3241000000853,-0.0021548049020307467,0.8163327165964299,0.9490014545454546,584
508,3.4645768950980393,0.0503052127877644,0.4518261825518879,1.2430163058842265,0.19819226999999995,521.2337999998126,0.00012495197746160917,0.8577286929393392,0.21341528240469207,0.10356122572919901,0.11685495689766068,1.0202138650238641,0.009262399999999893,150.4849000000395,-0.0021376076075656464,0.8163327165964299,0.9489843636363635,583
509,3.464618535294118,0.05030379349897043,0.45157633480918147,1.2433426410439603,0.19846757000000015,521.4303999999538,0.00012494329501249883,0.8563165917562068,0.2133375753665689,0.10363285161343688,0.1238154187620295,1.0198666683815092,0.00926209999999994,150.46409999998286,-0.00213935257021154,0.8163327165964299,0.9489215454545454,582
510,3.464767296078432,0.05039852180612797,0.44650783355474744,1.24203247165473,0.19827408999999996,521.3185000000522,0.00012542209823261782,0.8563566971163942,0.2090184255681818,0.10333001620064809,0.2733890259401699,1.0679828222812389,0.009383200000000036,155.36810000007972,-0.002058602248802221,0.8152953602705206,0.9489019090909089,581
511,3.4649145450980394,0.050502655830535766,0.4369621894727542,1.2402351574302548,0.19832437000000003,521.4152999999933,0.0001262382272014623,0.8563165917562068,0.2119257536656891,0.10221131468797273,0.11008122982050184,1.0161300695024031,0.009212499999999846,150.5176999999676,-0.002109631766707015,0.8163327165964299,0.9488891818181817,580
512,3.4651018941176472,0.05056221551329644,0.4336869587416894,1.2404071532535992,0.19826648999999985,521.2779000001028,0.00012641311639498132,0.8437741657552384,0.21197205307917885,0.10205796742881146,0.08886307629885604,1.0038595028014239,0.009199200000000074,150.31729999999516,-0.0021119419950696296,0.8206473569643624,0.9487758181818181,579
513,3.465421995098039,0.05082773788612933,0.418378560070201,1.2357360094060565,0.19841732,521.6352999999654,0.00012813734122797387,0.8541641617486924,0.20996996891495603,0.09998216713626426,0.06603485180093482,1.0017029791411372,0.009126100000000026,150.31579999998212,-0.002069575716950765,0.8163327165964299,0.9486874545454546,578
514,3.4656677588235296,0.0509370350208774,0.41645545417520546,1.2351808824359434,0.1980427400000001,521.2558999999892,0.00012848271068444588,0.8541641617486924,0.21825936789772726,0.11051716162560982,0.21906656253245105,1.0572145932953265,0.009791300000000058,155.3825000000652,-0.0022029195425619197,0.8152953602705206,0.9485688181818182,577
515,3.4659909833333336,0.051121570685936896,0.40080186140736807,1.230876796479826,0.1982569700000001,521.5150999999605,0.0001297337115236619,0.8537789444665258,0.21151486480938417,0.10133034108392411,0.05176837210006058,0.9992759882619359,0.009194600000000053,150.31319999997504,-0.0020974930502687473,0.8163327165964299,0.9485395454545454,576
516,3.466108526470588,0.051156444924154054,0.40334771307613826,1.2317703306468624,0.19819671000000005,521.466999999946,0.0001297853841317286,0.8535309415581009,0.21739727159090905,0.10984715029468188,0.19984916055042934,1.054363879460893,0.009729899999999958,155.35129999998026,-0.0021895665901595545,0.8152953602705206,0.9484167272727272,575
517,3.4663891882352944,0.05130250292138845,0.3952575643813674,1.229905663284717,0.19815687999999987,521.3245999999344,0.0001305681742049223,0.8521915273967348,0.2166947653409091,0.10864901273993723,0.19179080763307876,1.0452264448936595,0.009704600000000063,155.3074000000488,-0.0021692080082581946,0.8152953602705206,0.9483470909090908,574
518,3.4667582460784323,0.05153318479889213,0.38464920289568916,1.2272267714006124,0.1980350999999999,521.3667999999598,0.00013174505521589444,0.8521915273967348,0.21578025454545455,0.10760022262981138,0.10946152511573315,1.023509006302353,0.009655600000000097,155.25689999992028,-0.002153449382269952,0.8152953602705206,0.948254909090909,573
519,3.4656986227722775,0.050288779827046666,0.49493812652684355,1.2510311329510966,0.19784403000000006,521.2010000001173,0.00015006201938054338,0.8538866744938517,0.21522381960227271,0.1076506358295793,0.19160252532207078,1.0472862423401887,0.009639900000000035,155.2776999999769,-0.0021494248995629953,0.8152953602705206,0.948173090909091,572
520,3.464683067,0.04894040309926344,0.5825549834909438,1.2694986043478618,0.19688198999999995,516.6821999999229,0.00014003809877000025,0.8502908800207558,0.21423539005681816,0.10632304766437911,0.16392138362372233,1.0385828751981163,0.009624599999999983,155.29859999986365,-0.0021248424239840628,0.8152953602705206,0.9481595454545454,571
521,3.4648037739999995,0.0490214332281889,0.5788477345917027,1.2672298486593787,0.19653894000000005,516.4354000000749,0.00014044234641672905,0.8551159588248719,0.2111516681818182,0.10406385640315308,0.12656215847037178,1.0289479237991477,0.009458399999999978,155.22809999994934,-0.002082276412837848,0.8152953602705206,0.9480589090909091,570
522,3.46494764,0.049106313236575654,0.5703611581301522,1.266008393209104,0.1968568100000001,516.6750999998767,0.00014113751373263478,0.8551159588248719,0.21396644232954543,0.10650591022393181,0.3108172843209691,1.0728756708423397,0.009581899999999921,155.20709999999963,-0.0021234838308635297,0.8152953602705206,0.9479787272727273,569
523,3.4650635439999995,0.04912133459738185,0.5610355999736507,1.2636701828130235,0.19700244,516.6751999999397,0.00014137180732751525,0.8515722824221608,0.21376209914772723,0.10656892695942242,0.26578057423219725,1.0622658206901632,0.009562100000000129,155.27750000008382,-0.002125768053242361,0.8152953602705206,0.9479559999999998,568
524,3.464964054000001,0.049143082670920164,0.5668168862141854,1.2653738851406162,0.19680821999999998,516.6071999999695,0.00014135310225175246,0.8515722824221608,0.2126554505681818,0.10523002801704229,0.16713388911963234,1.0319078585604433,0.009553199999999817,155.37349999998696,-0.0021043076678299833,0.8152953602705206,0.9477897272727271,567
525,3.4649002000000007,0.049190036911982725,0.5645030024005693,1.2649567798221664,0.19668921000000006,516.4753000000492,0.0001417476994490626,0.8530867663911569,0.21541535014662752,0.10487583343386885,0.10023067325932766,1.0207949489422885,0.00934260000000009,150.3230999999214,-0.002164927308734135,0.8163327165964299,0.9478349999999999,566
526,3.4646437560000005,0.049053394632658565,0.5790631723437807,1.268868459163465,0.19627255,516.03059999994,0.00014094640152399694,0.8530706384910648,0.21590308152492665,0.10525991984132174,0.10556394163700933,1.0153069031592443,0.009366399999999997,150.3593000001274,-0.0021753345977389097,0.8163327165964299,0.9477954545454544,565
527,3.4657764594059413,0.05047825950537754,0.47048809967897665,1.2469005777948674,0.19645485000000007,516.3188000000082,0.0001231822308382357,0.8477294928791691,0.21494308416422286,0.10499181428733627,0.15881210564373305,1.0296498237898568,0.009332700000000083,150.36939999996684,-0.0021666513996719218,0.8163327165964299,0.9477574545454545,564
528,3.4656832663366335,0.05051531492115292,0.4649479544963038,1.2450032884581823,0.19628547000000007,516.220900000073,0.00012361636556523816,0.8484426788694565,0.21388857448680348,0.10438920096590064,0.1778770370682814,1.0347938496231532,0.009286600000000034,150.3410000000149,-0.0021539803934519184,0.8163327165964299,0.9477907272727273,563
529,3.4654779861386125,0.050348805413965955,0.46496499515585565,1.2447048699625594,0.19690028999999998,516.5494999999646,0.0001230050430048397,0.8538866744938517,0.21421854574780055,0.10462367502348403,0.12924866562099568,1.025167298427304,0.009294000000000135,150.26699999999255,-0.002160562722933827,0.8163327165964299,0.9477337272727271,562
530,3.4654169059405935,0.0503355089016766,0.4666844557936365,1.2463338598758682,0.19671452,516.3758999998681,0.0001229817176207108,0.8477294928791691,0.21437358709677418,0.10553633077882886,0.19891529004122388,1.0445098660412586,0.009284999999999988,150.31680000014603,-0.002175165500798231,0.8163327165964299,0.9477058181818181,561
531,3.465454964356435,0.05036482021860416,0.46402308935738157,1.245289037870643,0.19645200000000007,516.216899999883,0.00012335119547380384,0.8477294928791691,0.2134527882697947,0.10455029544771283,0.14017056983546228,1.028317200766797,0.0092741999999999,150.35489999991842,-0.002157124926026695,0.8163327165964299,0.9475862727272727,560
532,3.465646362376238,0.05046011129065186,0.46569823370254193,1.2468616481052355,0.19615356000000006,515.8808000001591,0.00012355528456866506,0.8430545747107162,0.21307407360703814,0.1042542971642335,0.14900138382169814,1.030035358920453,0.009236400000000033,150.34550000005402,-0.002151224803568677,0.8163327165964299,0.9476077272727272,559
533,3.4657208762376235,0.05051843402470262,0.4480248008571537,1.242115066249252,0.19693351999999986,516.529799999902,0.00012437263905503042,0.8477294928791691,0.2126527630498533,0.10398061964935147,0.12524009952942938,1.0207430148675847,0.00920719999999986,150.29009999986738,-0.002148660835529145,0.8163327165964299,0.9475151818181818,558
534,3.465655132673267,0.05050310947592259,0.46150749796293633,1.2457295070523833,0.19620979999999988,515.874099999899,0.00012392925407278194,0.8477294928791691,0.21285151466275656,0.10417593353052224,0.14076048252994022,1.0291023813453641,0.009231699999999954,150.2080999999307,-0.002151530175572502,0.8163327165964299,0.9474227272727272,557
535,3.4657352306930695,0.050583684159805416,0.4417041258837706,1.2409604924362123,0.1967528300000001,516.3737000001129,0.00012493615331069085,0.8477294928791691,0.21155882316715538,0.10310456658588586,0.11800810396257155,1.0192688138679937,0.009171600000000169,150.2029999999795,-0.0021325101932688707,0.8163327165964299,0.9473047272727272,556
536,3.465659685148515,0.05053711632543826,0.4523260388189878,1.2439276735944533,0.19631293000000005,516.0046000001021,0.00012446144688419575,0.8457657076232656,0.2110372,0.10299355846798328,0.13189119047643505,1.0213999532372988,0.009169800000000006,150.2373999999836,-0.0021287365667728747,0.8163327165964299,0.947243818181818,555
537,3.4656322534653463,0.050517130928212,0.4431229869821687,1.2407494031091097,0.19689133000000014,516.375100000063,0.00012467209331112414,0.8535927581152467,0.21115111612903223,0.10304055375591561,0.13009207909145326,1.0235461707884155,0.009169500000000053,150.37239999999292,-0.0021274343175324176,0.8163327165964299,0.9473406363636362,554
538,3.465938036633664,0.05071269616558306,0.4252837969836114,1.2365951635903905,0.1971588700000001,516.7574000000022,0.00012591722857676314,0.8512380833769029,0.20987496715542517,0.10175113796127816,0.10778792344870203,1.015821213151394,0.009114099999999903,150.34759999997914,-0.0021016674372762068,0.8163327165964299,0.9472576363636361,553
539,3.466157163366336,0.05082125755275192,0.42273486637129576,1.2363958305654925,0.19699806999999991,516.6415999999736,0.00012641405669692663,0.8512380833769029,0.2098622724340176,0.10175997038100072,0.06775748906766221,1.001658484348613,0.009101000000000026,150.25890000001527,-0.0021068968429762643,0.8163327165964299,0.9471218181818181,552
540,3.4650959670000003,0.04954017231477283,0.5263728380000465,1.2581947043323265,0.19660080999999996,516.3395000000019,0.00014491313153009464,0.8459243735687043,0.2182609721590909,0.11184979697541667,0.1974228190649363,1.0590460146950489,0.009757100000000074,155.3171999999322,-0.002228318304325001,0.8152953602705206,0.9470283636363637,551
541,3.4653375200000003,0.0497105700325556,0.5220462415772089,1.258326195449069,0.1961929,516.0745999999344,0.00014595973112664542,0.8454096651039854,0.21689890625,0.11060375880889023,0.1880749915651423,1.0495742664888437,0.00969259999999994,155.313300000038,-0.0022067659814455497,0.8152953602705206,0.9469426363636364,550
542,3.4655663109999995,0.04984664361655392,0.511746775688688,1.2552035809680313,0.19647152999999995,516.2948000000324,0.00014681211251152146,0.8459243735687043,0.21894000967741933,0.10929384649405845,0.20111479520110276,1.0437600822711497,0.009482999999999908,150.32730000000447,-0.0022529449980427624,0.8163327165964299,0.9468179090909089,549
543,3.465645162,0.04985730295671573,0.5045512649242339,1.2532931159254888,0.19678339,516.4817999999505,0.00014699040944939662,0.8480847421321035,0.21948141788856304,0.10974151472570519,0.19757514908311125,1.0492956280839365,0.009495199999999926,150.30380000011064,-0.002259801756395401,0.8163327165964299,0.946848909090909,548
544,3.465756532,0.049900353419401654,0.502614971212568,1.252533556067552,0.19680940000000013,516.4623000000138,0.00014722907410489312,0.8447637805095822,0.2189635944281525,0.10917826947459923,0.16528018671544853,1.0398153689990663,0.009479000000000015,150.27750000008382,-0.002250796785513709,0.8163327165964299,0.9467140909090909,547
545,3.4660090059999997,0.050091775473448584,0.49379069562753486,1.2511435328406677,0.19680849,516.5424000001512,0.00014850623711211991,0.8467472036180446,0.21735939999999998,0.10764310496065599,0.1369730020679727,1.0276675988091242,0.009429600000000038,150.2768999999389,-0.002222255975826081,0.8163327165964299,0.9466753636363636,546
546,3.466066419,0.0501052439842755,0.4994861101609951,1.2525363218315106,0.19627925000000013,515.9425999999512,0.0001482754108429873,0.8474388575377004,0.21792677771261,0.10810470340084384,0.16952683299771953,1.0360182103661828,0.009451499999999946,150.27270000008866,-0.0022302361520931562,0.8163327165964299,0.9465835454545454,545
547,3.466192488,0.050214807348795264,0.49732771400686815,1.252503226512506,0.19622052000000012,516.0076000001281,0.0001489509066987289,0.8461013190236413,0.21341149886363636,0.10797143636730411,0.26251647195740757,1.0654714770336535,0.009567700000000068,155.38390000001527,-0.002150962788108379,0.8152953602705206,0.9465614545454545,544
548,3.46637797,0.0502833310210815,0.48803353509533043,1.2497655501238971,0.19643876999999998,516.1159999999218,0.0001495449965113439,0.8447637805095822,0.21669714017595307,0.10721496540579244,0.14763230102746805,1.031741552701479,0.00939230000000002,150.25119999982417,-0.0022124628174790962,0.8163327165964299,0.946433,543
549,3.4652857494949494,0.048972447057402335,0.587522936731296,1.2704736043878206,0.19505413000000005,511.41339999996126,0.00013929198746000875,0.844419841981805,0.21254265738636363,0.1068020934893526,0.24619706521145446,1.0602159594107639,0.009520000000000195,155.35299999988638,-0.0021296011682669235,0.8152953602705206,0.946452,542
550,3.465409542424242,0.0490522012418717,0.5762976377430293,1.266958860669829,0.19525785000000007,511.5701999999583,0.00013992248841821771,0.8464695313087899,0.21550430557184747,0.10596007384105872,0.12150449646157035,1.023161578820544,0.009348699999999877,150.40930000017397,-0.002186552212186338,0.8163327165964299,0.9463658181818181,541
551,3.4656399666666666,0.049197819089963464,0.5732397552778314,1.2670636420502894,0.19492111999999995,511.46060000010766,0.0001405334240060274,0.8449397495219251,0.21490335454545453,0.10546011851255134,0.12175332408384154,1.0214072517704955,0.009313399999999916,150.27020000014454,-0.0021788160360970365,0.8163327165964299,0.9463147272727273,540
552,3.4655775848484844,0.049120095029345265,0.5760239632414006,1.267012856814577,0.19485478000000012,511.1876999998931,0.00014027417658167647,0.8464695313087899,0.21574863372434017,0.10606253041989472,0.154867365918669,1.0320063992103399,0.00934910000000011,150.29920000000857,-0.0021886673686481017,0.8163327165964299,0.9462579999999999,539
553,3.465807111111111,0.04927534440980683,0.5674690462757619,1.2653246016588027,0.1947709700000001,511.1207000000868,0.00014115218362627526,0.8449397495219251,0.21440691642228735,0.10492665266939982,0.13574267766855064,1.025682267111348,0.009306100000000095,150.34960000007413,-0.0021658721030281183,0.8163327165964299,0.9461580909090909,538
554,3.4660626383838378,0.04945227365257049,0.556086353434321,1.2629476324462687,0.19459185,511.1480000000447,0.0001422066285153721,0.8514000514267396,0.21340653782991204,0.10422526036254132,0.11262710702609757,1.0235445719446885,0.009255900000000095,150.2642999999225,-0.0021522537379417748,0.8163327165964299,0.9461075454545453,537
555,3.466239756565656,0.049536236121923614,0.5513601775762469,1.2610597788316447,0.19458312,511.07600000011735,0.0001425693756069257,0.8560538149436975,0.21323263841642232,0.10377022488117767,0.1049230821961431,1.0151459173835238,0.009252299999999991,150.26010000007227,-0.0021450369783926155,0.8163327165964299,0.9460864545454545,536
556,3.466323304040404,0.049582358505654504,0.5545099807536964,1.2640666218785146,0.19438065999999998,511.0376999999862,0.00014285420105093012,0.8393340123975194,0.212400911143695,0.1032179720031515,0.06818333360077045,1.0087685986230546,0.009226700000000143,150.3573000000324,-0.002133738026752469,0.8163327165964299,0.9459842727272727,535
557,3.4663714151515155,0.049633331946745136,0.5439392502768983,1.26079874407863,0.19494553000000003,511.44189999997616,0.00014337331241130562,0.84782058031289,0.21143657976539587,0.10261040719868353,0.07651245002051477,1.0107053316983587,0.009174100000000074,150.28859999985434,-0.0021210682383663386,0.8163327165964299,0.9459450909090908,534
558,3.4662691999999997,0.049563319725789326,0.5445253709832696,1.2610133288862713,0.19517147999999995,511.4273000000976,0.00014308323781639002,0.8484729889941054,0.2118534683284457,0.10323275098485384,0.17330326310253685,1.0290872105016855,0.00920310000000013,150.40159999998286,-0.0021309246465632203,0.8163327165964299,0.945866,533
559,3.466226362626263,0.04960342385603998,0.5387861626713741,1.259739113793254,0.19517296000000006,511.5496999998577,0.0001434368527684431,0.84782058031289,0.2113267205278592,0.10289765981222526,0.12311055975325891,1.0247457273922804,0.009154700000000071,150.2420999999158,-0.002126040841598686,0.8163327165964299,0.9458697272727272,532
560,3.4663356363636364,0.04967518855159815,0.5366551985172805,1.259744579375076,0.19504668000000003,511.4163000001572,0.00014389532597717023,0.84782058031289,0.21026159589442814,0.10204359983602534,0.07865562602148168,1.0085050301282583,0.009123899999999852,150.29199999989942,-0.0021108719443585773,0.8163327165964299,0.9457358181818181,531
561,3.466479235353535,0.04981925408912501,0.521262284698846,1.2558684920324574,0.19510370999999993,511.5331999999471,0.00014487482726258992,0.8464695313087899,0.20814964516129034,0.10037488456335458,0.08293436804005783,1.0100453101675553,0.00905339999999999,150.3815000001341,-0.0020749426175918095,0.8163327165964299,0.9457189090909089,530
562,3.4665725484848484,0.049907678928565784,0.5214453969095372,1.2568478585741987,0.19492308999999997,511.4818000001833,0.00014547687921006032,0.8464695313087899,0.21677667272727275,0.11068124722082796,0.2051337332751073,1.055620516224955,0.009702300000000053,155.38749999995343,-0.002205556113039731,0.8152953602705206,0.9456074545454546,529
563,3.466517097979798,0.049855290769332476,0.5222626213531463,1.256606524449253,0.19511966000000014,511.502000000095,0.00014542342056689036,0.8508234407425247,0.2112124927272727,0.09974894484589042,0.06297228841975722,0.9939612751228568,0.008881099999999975,145.47100000013597,-0.0021326713823836573,0.8103603473386412,0.945492909090909,528
564,3.466585134343434,0.049897676724786066,0.5213308711965685,1.256575916659501,0.19489505000000007,511.34960000007413,0.00014552372823429646,0.8464695313087899,0.21658230767045453,0.11090650551391291,0.2451849826015038,1.0677492664196149,0.009687200000000118,155.42189999995753,-0.0022073114329891896,0.8152953602705206,0.9454631818181818,527
565,3.4679080010000005,0.051237007958704034,0.38449246588323804,1.2260263870905241,0.19495426000000005,511.38400000007823,0.00015591957313967645,0.8465702581631075,0.21912580351906163,0.10975415533847384,0.19938689849587155,1.0469170705276316,0.009514099999999859,150.50039999978617,-0.0022582949159979816,0.8163327165964299,0.9454172727272727,526
566,3.466621738383838,0.049924707080975086,0.5171246345401506,1.2558669644417941,0.19495545000000003,511.2916999999434,0.0001457015136543647,0.8452972150874544,0.21952632521994134,0.10996417636135236,0.14108395437604537,1.0308714544595408,0.009495499999999879,150.31359999999404,-0.002268939702426585,0.8163327165964299,0.9453140909090908,525
567,3.4666265010101007,0.05000289210203397,0.5158047525178908,1.255853422941717,0.1945485,511.02379999984987,0.00014614948751459728,0.8464695313087899,0.21833332023460403,0.10996105315778246,0.20590284011098792,1.056044814756872,0.009468099999999868,150.39630000013858,-0.0022608200156306263,0.8049015023941357,0.9453115454545453,524
568,3.4665075323232326,0.04998115272387289,0.5165418524190493,1.2563979368399025,0.19409238000000006,510.73849999997765,0.00014620049088010125,0.8452972150874544,0.21783162170087972,0.10931879365342316,0.2144324927009369,1.0502453751821939,0.009443700000000055,150.3259000000544,-0.0022510576130473866,0.8049015023941357,0.9453146363636363,523
569,3.4664315414141407,0.049961282000418175,0.5095531724599063,1.2546369110122522,0.1949936899999999,511.3448999999091,0.00014642065202544294,0.8464695313087899,0.21689493695014658,0.10846935551794402,0.16822927610095118,1.0431670898970054,0.009404300000000143,150.37049999996088,-0.0022336758018449802,0.8163327165964299,0.9452486363636362,522
570,3.466383046464647,0.04994893289777053,0.5132575088757974,1.256527172309557,0.1947960099999999,511.1962999999523,0.00014624369306166928,0.8417001703490551,0.2167247744868035,0.10882120598217535,0.1884444262776186,1.0501934760445633,0.009384199999999954,150.28260000003502,-0.0022408375169534586,0.8163327165964299,0.9451870909090907,521
571,3.466208468686869,0.04989254938843555,0.5130231320465208,1.2551872008007754,0.19487758999999993,511.21400000015274,0.00014608558461073375,0.8501710320613092,0.2160341480938416,0.10865817112895355,0.2153555426601037,1.0563225804088219,0.009362900000000174,150.20709999999963,-0.002237703137643408,0.8049015023941357,0.945139818181818,520
572,3.4661334686868686,0.04987100823142138,0.5144040213034113,1.257214061013201,0.19461694000000007,511.0130000000354,0.00014622237300693057,0.8452972150874544,0.21575630527859238,0.10858814331531029,0.19552563690915292,1.051108992592368,0.009352199999999922,150.21530000003986,-0.0022370711851129117,0.8163327165964299,0.9450647272727272,519
573,3.466234398989899,0.04996209494534485,0.5131433980090083,1.257167129751024,0.1946303600000001,511.04320000018924,0.00014680216753392095,0.8464695313087899,0.21172193242424242,0.10191556874739163,0.09635021542003486,1.008357345287819,0.008872599999999897,145.31050000013784,-0.002177593794891599,0.7940896309494069,0.9450343636363635,518
574,3.4663781111111116,0.05001077703653829,0.5066536596008051,1.2544875891458844,0.1946861500000001,510.9614999999758,0.00014695994708451978,0.8464695313087899,0.21523913812316717,0.10829341585268483,0.2315968595078539,1.0576089211225859,0.009326100000000004,150.3871999999974,-0.002227189917715421,0.8049015023941358,0.9449934545454546,517
575,3.4664583979797983,0.050054566326040176,0.5072853086528077,1.2559700951603407,0.19485042000000008,511.14629999990575,0.00014716634993534926,0.8434213475756971,0.214388711143695,0.10740338554860134,0.19577586977014505,1.0462557412572442,0.009295000000000053,150.4047000000719,-0.0022108603160748406,0.8163327165964299,0.9449508181818181,516
576,3.466561339393939,0.05019322528379868,0.49544515255427957,1.252833197851325,0.19493686999999993,511.3263999999035,0.00014819285136771172,0.8464695313087899,0.2138858498533724,0.10699118640554213,0.19858320008792552,1.0490584482330818,0.009265599999999985,150.41030000010505,-0.0022017620674795097,0.8049015023941358,0.9448703636363637,515
577,3.4666639848484846,0.050241320390871876,0.4884877152703182,1.251214443816642,0.19527879000000004,511.54879999998957,0.0001486212234348972,0.8473006727727699,0.21688969181818182,0.10598454702252869,0.10247400814837349,1.0162441555478106,0.009090900000000124,145.43940000003204,-0.002259908535338946,0.8059018856251107,0.9448296363636363,514
578,3.46685835959596,0.05042872800549735,0.47729139833893486,1.2491609558615127,0.19518686000000007,511.4887999999337,0.00014983647935783577,0.842070298571597,0.2152562624242424,0.10530919410676846,0.08844589645590206,1.0134864560758352,0.00902690000000006,145.4232999999076,-0.002246373668529555,0.8059018856251107,0.94475,513
579,3.4655070887755106,0.04897204692282018,0.5891102189313648,1.271641514873426,0.19365888999999992,506.62189999991097,0.0001386919128879575,0.8455067707335961,0.21148568680351904,0.10504458293270591,0.13755001348177975,1.0341013105535242,0.009163800000000055,150.33279999997467,-0.0021656530104194553,0.8163327165964299,0.944722909090909,512
580,3.466791451515151,0.05042864180289174,0.47731583835071234,1.249266629375901,0.19511504999999996,511.40389999980107,0.00014996549569026133,0.8417001703490551,0.21505192666666667,0.10480492786850891,0.0934505322554755,1.0123520587522383,0.009022000000000086,145.47930000000633,-0.0022341342127683976,0.8059018856251107,0.9446003636363637,511
581,3.4655967510204073,0.04905477160876916,0.5820846746789075,1.271232841165819,0.19327793999999998,506.3286000001244,0.00013944744045053193,0.8430865489975159,0.21375400999999997,0.10425895208939318,0.13584577211585858,1.024553269029169,0.008965200000000006,145.3300000000745,-0.002224639409000882,0.8059018856251107,0.9445612727272727,510
582,3.465579228571429,0.04922523320834631,0.5696894017374401,1.2674201988523695,0.19281037,506.7235000000801,0.00014052582110339815,0.8475599207733888,0.2138721624242424,0.10423848657604759,0.1179190685987006,1.0202667730465673,0.008967100000000006,145.40330000012182,-0.0022234835105315216,0.8059018856251107,0.9445115454545453,509
583,3.46634041443299,0.049023780118844694,0.5597912553467763,1.2733955719432957,0.19350208000000002,506.4735000000801,0.00013676456052163374,0.8507913330028924,0.2133146557575757,0.10385097035323118,0.14573167346247873,1.030125194710897,0.008928600000000175,145.28080000006594,-0.0022137703158090108,0.8059018856251107,0.944462,508
584,3.465746819387755,0.04914863491396813,0.5714762347709317,1.2686262710951377,0.19360572999999992,506.5084999999963,0.00014010791604446128,0.8427126439563769,0.21346920696969693,0.10410035862501597,0.07436174891268132,1.0118914542991628,0.008930799999999905,145.4002999998629,-0.002220178312013826,0.8059018856251107,0.9444426363636363,507
585,3.4658745061224483,0.049268323769731975,0.5615585509558185,1.2668137972766291,0.19355789,506.593899999978,0.0001409914615134193,0.8449815580144954,0.2122401657575757,0.10332812499322849,0.14071553970910733,1.0291110664900962,0.008889099999999983,145.44240000005811,-0.0022005718478082443,0.8059018856251107,0.9443422727272727,506
586,3.4659858775510206,0.04936177455091506,0.5557220083942673,1.2658683712684748,0.19360632999999994,506.74170000012964,0.00014157474759777234,0.8436117617166169,0.21112782848484846,0.10222363034463337,0.10561968561661095,1.017707084763505,0.008861399999999797,145.41749999998137,-0.002179377842989322,0.8059018856251107,0.9442438181818181,505
587,3.4661127102040816,0.049462108357717784,0.5454896820912944,1.2633148805240995,0.19347502000000005,506.5824000001885,0.00014234379461417076,0.8455067707335961,0.2141241109717868,0.10106843330378969,0.05662031058511907,0.9912887769159526,0.008660800000000135,140.2793000000529,-0.002237787881776386,0.8072651338802155,0.9442096363636363,504
588,3.4663269408163258,0.04962039977896071,0.5325503838811745,1.2600640392533387,0.19354567999999994,506.8486999999732,0.00014331108310727066,0.8455067707335961,0.2097304475757576,0.10130860398972227,0.06982007324634143,1.0105136869875204,0.008780800000000033,145.34860000014305,-0.0021624606896310547,0.8059018856251107,0.9441264545454544,503
589,3.4664514806122457,0.04968309715707873,0.5262794319013571,1.2586720375468798,0.19386198999999993,506.96039999998175,0.0001438974320940213,0.8441419355151686,0.2080271842424242,0.10009159827466392,0.13620125120304882,1.0204397100677185,0.008726800000000035,145.40460000000894,-0.002135040916536831,0.8059018856251107,0.9440614545454544,502
590,3.466657996938776,0.04975813488370149,0.5089698577713397,1.254297013241487,0.19361577000000008,506.5174999998417,0.00014444282601245673,0.8455067707335961,0.20905918787878788,0.10055561042942972,0.10358360747791462,1.0115511466620128,0.008762999999999854,145.33330000005662,-0.0021477912856973777,0.8059018856251107,0.9439748181818182,501
591,3.4668820683673465,0.049889411848846585,0.5176819415337972,1.2571670055843098,0.19381228000000006,506.90709999995306,0.0001449723119885049,0.8441419355151686,0.21032793939393937,0.10130733476040193,0.12311595915353513,1.0137655692356469,0.008836999999999984,145.33250000001863,-0.0021641991736341686,0.8059018856251107,0.9438363636363635,500
592,3.4670413846938777,0.049930989398427154,0.5131698393749669,1.2560391229603518,0.19401725000000003,506.9727000000421,0.00014521046074682549,0.8441419355151686,0.21639385835777122,0.11002788714611929,0.23084976507584276,1.0579018074309918,0.00934159999999995,150.34169999998994,-0.002263782734317285,0.8163327165964299,0.9437153636363634,499
593,3.4671047204081633,0.050021783192067605,0.5106867985743095,1.256069734007424,0.1937834799999999,506.8849000001792,0.00014567724238949206,0.8441419355151686,0.2185013939393939,0.10827562015723749,0.17398887196927681,1.0345201275939997,0.009158699999999964,145.33239999995567,-0.0023074631011257437,0.8059018856251107,0.9437068181818181,498
594,3.467061432653061,0.050021628966051,0.511558172862367,1.2563186880628128,0.19361344999999996,506.80239999992773,0.00014559932376246936,0.8500090929553351,0.218781236060606,0.10825462051491287,0.1803917486387614,1.0405773387027886,0.009160599999999963,145.3845000001602,-0.0023040866395732744,0.8059018856251107,0.9436988181818181,497
595,3.4670062081632653,0.050069322936413495,0.5183373321114932,1.2585797621390142,0.19309275999999997,506.38159999996424,0.00014583616153624035,0.8417217137790883,0.21770423939393937,0.10755616253779349,0.16421457373595283,1.035627418542608,0.009121600000000063,145.34960000007413,-0.002291105971501206,0.8059018856251107,0.9436314545454545,496
596,3.4670239,0.049868705218068354,0.4623420987563076,1.2429027797521335,0.1984431900000001,510.26839999994263,0.00014635205354656032,0.8492276698105828,0.21722425030303028,0.10756324562509724,0.1562089236917812,1.0363169421051326,0.009082699999999999,145.45510000013746,-0.0022876843741479096,0.8059018856251107,0.9435991818181817,495
597,3.4671060704081635,0.05013878650207504,0.5040034109274236,1.2545605548273864,0.19327755000000002,506.34799999999814,0.0001466949152049102,0.8459727866546266,0.21738758424242424,0.10774141703666908,0.16663673523789413,1.0353817559626002,0.009084199999999987,145.3267999999225,-0.0022949859712886795,0.8059018856251107,0.9435411818181817,494
598,3.4670796989795916,0.05013854273483715,0.49767349517110704,1.2520873124480825,0.1936355099999999,506.76419999985956,0.00014696437680805568,0.8517534134384782,0.21344451495601174,0.10750124184510762,0.2285009692432034,1.0556527213781512,0.009240999999999833,150.22530000004917,-0.0022140192510844013,0.8049015023941357,0.9434876363636363,493
599,3.4672234826530612,0.05019215570861386,0.4988141171194904,1.2537730043378958,0.19317361999999993,506.1958999999333,0.00014706255814176539,0.8441419355151686,0.21674934333333332,0.1074326524508441,0.16376362725461524,1.0361586820412823,0.009058699999999975,145.22570000006817,-0.0022890895444383683,0.8059018856251107,0.9434689999999999,492
600,3.467313710204081,0.050291887281885876,0.4857976872204568,1.2496019759069723,0.19357671999999992,506.65360000007786,0.00014791595601816877,0.8461240943325882,0.21565539090909086,0.10614295423556115,0.1469055956877181,1.0286960129761962,0.009019200000000005,145.21450000000186,-0.002264068211688128,0.8059018856251107,0.9433440909090908,491
601,3.4672661081632654,0.05032987407100304,0.4930944805718993,1.252822235373906,0.19302796,506.21369999996386,0.00014816900268877867,0.8441419355151686,0.21430664545454542,0.10568143521016315,0.16856621057964505,1.0388523656091022,0.008987999999999996,145.3246999999974,-0.0022503292502865113,0.8059018856251107,0.9432849090909089,490
602,3.467317144897959,0.050337428501011604,0.483257577108116,1.2497872323611137,0.1935207,506.5470000000205,0.00014839062057870657,0.8441419355151686,0.21402855303030305,0.1052690672210729,0.10713853407308216,1.0167266439912606,0.00896280000000016,145.2939999999944,-0.002246979293060698,0.8059018856251107,0.9432702727272727,489
603,3.468532391919192,0.051390124607216515,0.3158585748007612,1.2105652732470664,0.19980215000000012,510.84710000013,0.00012958335400199147,0.8693550184782942,0.2140931906060606,0.10586646419708723,0.2128424948185299,1.0504321125341995,0.008955100000000105,145.2760999999009,-0.0022522632206681365,0.8059018856251107,0.9431559090909091,488
604,3.4675058948979594,0.050530569250374364,0.4759458461229822,1.2493653325146947,0.19332841,506.3618000000715,0.00014953522729077942,0.8441419355151686,0.21297087393939393,0.10461282078197078,0.13637138764928824,1.0289543878965373,0.008911900000000195,145.2432999999728,-0.002230363917982869,0.8059018856251107,0.9431305454545454,487
605,3.46631383814433,0.04912541810891715,0.5854498764246943,1.2714424852258948,0.19203581999999997,501.6079999997746,0.00013868164780131263,0.8431721448253853,0.21209328848484846,0.10409638146040252,0.1593334740550807,1.0339051006203948,0.008884400000000126,145.310099999886,-0.0022177220610746715,0.8059018856251107,0.9430154545454545,486
606,3.466272163917526,0.049088710508720795,0.5900580479889892,1.2728494401506274,0.19200507,501.44819999998435,0.00013835068908185142,0.8407269723497579,0.21214430696969697,0.10434757286255714,0.16740115644503728,1.0365026558396107,0.008884899999999973,145.27189999981783,-0.0022229606380741937,0.8059018856251107,0.9429217272727272,485
607,3.4663408865979384,0.04913110184735461,0.5892655423396516,1.2731261585490792,0.1917580700000001,501.19860000000335,0.0001386978788312323,0.8412575996329732,0.21162574878787882,0.10416465750681272,0.14245967732378473,1.0274252138658686,0.008869800000000039,145.46589999995194,-0.0022188480645886563,0.8059018856251107,0.9428861818181818,484
608,3.466414148453608,0.04919236493898662,0.5773541858873923,1.2702934773490424,0.19202971999999996,501.4611000001896,0.00013925763850530573,0.8431721448253853,0.21059553242424237,0.10341798707227526,0.13217713218388294,1.025790229503539,0.008836099999999902,145.3613000002224,-0.002204548173098658,0.8059018856251107,0.9428126363636362,483
609,3.4665578680412374,0.049285952625286525,0.5697391961501372,1.2683013791183928,0.1919035200000001,501.4283999998588,0.00013981425098334014,0.8431721448253853,0.220263313030303,0.11146201534468547,0.17979011533613543,1.047915163623097,0.009212500000000068,145.3061999999918,-0.0023707765565357123,0.8059018856251107,0.9428077272727272,482
610,3.465466876041667,0.04791916081735932,0.660654688029914,1.2845811249759638,0.19209358999999993,501.6725999999326,0.0001616003426619103,0.8431143925040017,0.21016840121212121,0.10254571810307143,0.16965124386388242,1.0302708618613683,0.008790400000000087,145.23840000014752,-0.0021880463815422404,0.8059018856251107,0.9427421818181817,481
611,3.466681013402062,0.0490325442511583,0.4858215999952753,1.244153572468832,0.19877564000000014,506.1688000001013,0.00014046852266171316,0.8551204925006635,0.21383742570532913,0.10218321829991968,0.0568175573745191,1.0000070684844475,0.008640599999999887,140.29309999989346,-0.002259339773451759,0.8072651338802155,0.9425594545454545,480
612,3.466821669072165,0.049130837741431475,0.48418955612155656,1.2459756100824997,0.19880833999999992,506.31480000005104,0.0001410370943179319,0.8465536439543859,0.2090875912121212,0.10195658386920115,0.14895335665270837,1.0305775104364117,0.008761299999999972,145.30520000006072,-0.0021738691801000192,0.7940896309494069,0.9425853636363636,479
613,3.4668671432989693,0.049174434686944865,0.48156270262227485,1.2450184381353102,0.19851649999999987,506.10109999985434,0.00014130952608025382,0.8465243950503152,0.2088180218181818,0.10204761248076474,0.21290818675863754,1.0494141290729553,0.008755100000000127,145.35049999994226,-0.002171396916835647,0.8059018856251107,0.9424450909090909,478
614,3.4669965876288655,0.04929134379634661,0.4742765841729275,1.2426445461007463,0.19874556,506.22990000015125,0.00014201425494181336,0.8515751368712611,0.2210191321212122,0.11150352917019245,0.16510826659183886,1.0473940117579568,0.00925050000000005,145.3481000000611,-0.0023701333443236906,0.8059018856251107,0.9423918181818182,477
615,3.4672322309278356,0.04947245727323596,0.4602254199050999,1.2413017913929345,0.19895430000000003,506.65709999995306,0.00014339794638072457,0.8440676080981615,0.21818570060606063,0.10960323214412013,0.24890493048557571,1.0647612979408276,0.00913659999999994,145.42539999983273,-0.002325603965965458,0.8059018856251107,0.9422610909090908,476
616,3.4673207216494846,0.049520395930276,0.4493292406599956,1.2369402286212918,0.19917660000000004,506.73560000001453,0.00014389546484874316,0.8544074472226678,0.21805925030303022,0.10949484438393405,0.16800900973113775,1.0478108225805893,0.009098999999999968,145.2982000000775,-0.002327485474845145,0.8059018856251107,0.9422331818181816,475
617,3.467495353608247,0.049613970256139506,0.4474267118107509,1.2374482113028997,0.19907330000000012,506.656100000022,0.00014435111470968815,0.845174738269789,0.21751285121212122,0.10945633738365167,0.2581696718093287,1.0645508400654267,0.00908410000000015,145.3426000000909,-0.0023243761953597626,0.8059018856251107,0.9421618181818181,474
618,3.4676973659793817,0.049802420516830155,0.43372902479742903,1.234738258546113,0.19924316999999991,507.0073000001721,0.00014572605611881347,0.8458877835477847,0.21529158878787874,0.10684258891451703,0.16994677829707783,1.0409267327168044,0.009020699999999993,145.2558999999892,-0.0022755622017080527,0.8059018856251107,0.9420593636363636,473
619,3.467735643298969,0.049810795758125456,0.4364354436347715,1.2354099803822498,0.19919072000000004,506.80750000011176,0.00014572619337147876,0.8447334685047627,0.2153393624242424,0.10693299069837064,0.211463882283923,1.0544435173443427,0.009020299999999981,145.3601000001654,-0.002271691265420826,0.8059018856251107,0.9419584545454545,472
620,3.4678165072164946,0.04988939748650102,0.4291983119643814,1.2340613292831342,0.19905298000000005,506.8273999998346,0.00014634215119065056,0.8465536439543859,0.21494959363636357,0.10691956752390176,0.17323843951725282,1.0431421637181197,0.008984300000000056,145.36140000005253,-0.0022747033182090232,0.8059018856251107,0.9419785454545454,471
621,3.467943192783505,0.04994750054552538,0.42887477092633963,1.233911045481454,0.19923232000000002,506.8033000000287,0.00014665172264192325,0.8421530629057494,0.21503344515151518,0.10722592989625031,0.1713056434287279,1.0449385202129058,0.008977100000000071,145.32239999994636,-0.002280914848861874,0.8059018856251107,0.9419230909090908,470
622,3.4680170525773195,0.04998868988009329,0.4238240965797746,1.232535908094535,0.19924134999999998,506.75869999988936,0.00014710160606769076,0.8447334685047627,0.21417187181818184,0.10644620651217848,0.21714653981619625,1.0530687409695267,0.008957000000000104,145.32379999989644,-0.0022630979634376343,0.8059018856251107,0.9418180909090909,469
623,3.4680801113402064,0.050039031770889614,0.4236086593150734,1.2320465789614443,0.19898852999999994,506.4533999999985,0.0001472867561653954,0.845174738269789,0.21374538939393942,0.10575360305106109,0.09909062058758877,1.0224238037825992,0.008951200000000048,145.37790000019595,-0.002253259459743409,0.8059018856251107,0.9417255454545455,468
624,3.468220606185567,0.05009938239355854,0.41683749546363114,1.230530955785892,0.19917813000000006,506.63890000013635,0.00014769017416264166,0.8461123741893599,0.2133867833333333,0.10632879460569444,0.21260520628865542,1.0507022513804916,0.00891759999999997,145.32499999995343,-0.002260453329357014,0.8059018856251107,0.9416421818181817,467
625,3.4670781875000003,0.04876421676612182,0.5173091775639875,1.2512637638438517,0.19754464999999988,501.6158999998588,0.0001370034006171458,0.8461624792178105,0.21243504666666665,0.1048539921014602,0.19319744999063282,1.0440243465562962,0.008898900000000154,145.38789999997243,-0.002231515896863223,0.8059018856251107,0.9415715454545454,466
626,3.4670737875,0.04875928407850192,0.5162050051795748,1.2518574965502804,0.19761618000000003,501.6325000000652,0.00013696489267086667,0.843787188956505,0.2127392818181818,0.10519379570425462,0.16131681607226422,1.040409426591298,0.008893299999999993,145.31579999998212,-0.002239042050260079,0.8059018856251107,0.9415130909090907,465
627,3.4672312760416664,0.0489393010981364,0.517357599234018,1.2515758098379437,0.19668973999999995,500.9898000000976,0.0001379648413538716,0.8520933939872992,0.21156172818181818,0.10395782041242665,0.12809012259552155,1.0298743783481679,0.008856899999999834,145.3866000000853,-0.0022140423520514473,0.8059018856251107,0.9414784545454545,464
628,3.467240042708333,0.048906169116915754,0.5066644640360773,1.250157576442847,0.19756713999999997,501.69449999998324,0.00013803796571926381,0.843787188956505,0.21161731666666664,0.10411841195898988,0.1659865171991659,1.0410387975162563,0.00885019999999992,145.31910000019707,-0.0022161048910422404,0.8059018856251107,0.9413854545454544,463
629,3.4672925864583335,0.04896334772114129,0.5100571558166287,1.250576266820614,0.19689132999999992,501.08599999989383,0.00013821565991792406,0.8431143925040017,0.2113458218181818,0.10362960352855867,0.1173277491705127,1.0298732080149229,0.008852700000000047,145.2919000000693,-0.0022076976124830922,0.8103603473386412,0.9412624545454544,462
630,3.4674333520833334,0.04908233881255152,0.4955162861240461,1.2478443859838377,0.19732742000000003,501.55500000016764,0.00013918266450320768,0.8451804582419832,0.21013035878787878,0.10326229377602007,0.17483960639685137,1.0412140902697922,0.008783299999999938,145.25839999993332,-0.0021990230231627027,0.8059018856251107,0.941236,461
631,3.4674950531250004,0.04912246841641055,0.4828247610046934,1.2448708627793477,0.19795300999999998,501.8744000000879,0.0001397343611296238,0.8449535281145582,0.20931831818181817,0.1019874920584011,0.11862117679158901,1.0197620999916073,0.00876980000000005,145.30709999985993,-0.002176500287225047,0.8059018856251107,0.9411746363636362,460
632,3.4676188822916667,0.0492346896330305,0.4764373116772749,1.2436373380985282,0.19791493999999998,501.97710000001825,0.00014049904323481429,0.8448762981539323,0.21185950470219433,0.10151842831228539,0.09021798704641304,1.0087633539588639,0.008556200000000125,140.25329999998212,-0.0022433436157037927,0.8072651338802155,0.9410492727272727,459
633,3.467708021875,0.04924984800111879,0.4722921985724673,1.2422637838952837,0.19777302000000008,501.81729999999516,0.00014062943984702856,0.8408163322033226,0.2118535761755486,0.10095759755522253,0.02349673820193887,0.9877327051819057,0.008561700000000005,140.25510000018403,-0.0022348135546007837,0.8118773356528332,0.9409920909090908,458
634,3.4677960104166665,0.04935197529596321,0.4706518159115878,1.2424879236761568,0.19749567000000012,501.64449999993667,0.00014133686431651594,0.8412621985284009,0.210666868338558,0.1003250535350033,0.06378032663577882,1.0011052040088568,0.00852889999999995,140.33950000000186,-0.0022167883801366673,0.8072651338802155,0.940946818181818,457
635,3.4677648760416666,0.04931466452078773,0.46998583585962006,1.2422167910987574,0.19793267999999997,501.814100000076,0.0001412102065255072,0.8520933939872991,0.21028903667711596,0.09971500695462213,0.04631970669335583,0.9952167695813547,0.00851780000000013,140.24010000005364,-0.0022065830614954257,0.8072651338802155,0.9408963636363635,456
636,3.467898161458333,0.04944299774854904,0.4638380470391992,1.2414127541383382,0.19777026999999991,501.80489999987185,0.00014198383768169843,0.8451378462967845,0.21886694363636364,0.11125219796077952,0.20751507031671856,1.0604486406533133,0.009135100000000174,145.32409999985248,-0.002361040580930323,0.8059018856251107,0.940797909090909,455
637,3.468004435416667,0.04952698906056434,0.4533954270037408,1.2386780632726417,0.1978150300000001,501.8192000000272,0.00014272018851770895,0.8446919799717058,0.21715783545454542,0.10945239669386389,0.2720411738879238,1.0707717264279035,0.009076399999999873,145.27499999990687,-0.002323364610481149,0.8059018856251107,0.9406434545454545,454
638,3.468092072916667,0.04960087193755978,0.4545820201153159,1.239844422477549,0.19746129,501.60840000002645,0.00014306536482849486,0.8435602588290799,0.2166094384848485,0.10912917060252034,0.20462152040490356,1.0618718409437113,0.009063800000000066,145.38629999989644,-0.002314924050237568,0.8059018856251107,0.940610909090909,453
639,3.4681949375,0.04967005298141823,0.44433728939308725,1.2367162260505042,0.19766060000000008,501.70249999989755,0.00014368046876995854,0.8435602588290799,0.21561840030303028,0.1085418514094751,0.18846474286771908,1.0462715980594446,0.009014499999999925,145.20520000020042,-0.002311139610085841,0.8059018856251107,0.940539909090909,452
640,3.468279953125,0.049755347166159376,0.44008957562211215,1.2362739855379608,0.19771761999999993,501.8418000000529,0.000144205353886038,0.844691979971706,0.21476446545454544,0.10784107212627182,0.20319035539487595,1.0538941339497379,0.008992300000000064,145.2797000000719,-0.002292669823147226,0.8059018856251107,0.9405583636363636,451
641,3.4683506447916663,0.04982792869433741,0.43740908845449145,1.236188204281811,0.19762878000000006,501.6968000000343,0.0001448900560568036,0.844691979971706,0.21437752878787875,0.10738458393695835,0.22911755840962522,1.0564937351404171,0.008960800000000102,145.29160000011325,-0.00228253713177751,0.8059018856251107,0.9404590909090909,450
642,3.4672260357894737,0.04875636532252582,0.5950359475754867,1.2723712521547492,0.19271227000000002,498.3859999999404,0.0001670363533370053,0.8364841013780199,0.2165217636363636,0.10614346774000906,0.17807512264230985,1.0372306042477648,0.008752000000000093,140.2957999999635,-0.0023380100886770923,0.8072651338802155,0.9403330909090908,449
643,3.468506047916667,0.05002807718106849,0.4230648161754642,1.232649723744857,0.1975781000000001,501.6979000000283,0.00014635019175002353,0.8451378462967842,0.21212981363636363,0.10604927500551223,0.21530706237166486,1.0563671263409558,0.008871799999999874,145.3430000001099,-0.002253381098479174,0.8059018856251107,0.9402366363636362,448
644,3.468691220833333,0.05012242985431386,0.4209192666820285,1.2325054746267816,0.1975143399999999,501.6486999997869,0.00014681823566268948,0.8465311155822627,0.21132577696969693,0.10482620036678675,0.14426229036246063,1.0360222709094635,0.008871800000000096,145.44020000007004,-0.0022300008559917447,0.8059018856251107,0.9401679999999999,447
645,3.467678016842105,0.04883305462001764,0.5231373024941366,1.253331023153979,0.19605974999999998,496.752000000095,0.00013603474552878873,0.8442138917784645,0.21943141575757572,0.11129818660358247,0.2274902145747224,1.0625740895681384,0.009174999999999933,145.37129999999888,-0.002362495897099964,0.8059018856251107,0.9400961818181818,446
646,3.4678433747368422,0.048941983896320075,0.5138229738783373,1.2516097833633961,0.1962427900000001,497.0293000000529,0.00013685477261045334,0.8454355686828037,0.21402007931034484,0.10406151374470059,0.1092062465526924,1.0223463183505757,0.008645900000000095,140.33440000005066,-0.002294745977304337,0.8072651338802155,0.9400346363636364,445
647,3.4680096126315796,0.04902373118377671,0.5095746352129402,1.250605625685493,0.19631896999999987,497.11519999988377,0.00013710322382884691,0.8454355686828036,0.21362361567398117,0.10365872891763202,0.13568145987438474,1.0248258213025068,0.008637400000000017,140.31770000001416,-0.0022862893089742034,0.8118773356528332,0.9398958181818181,444
648,3.4681849673684195,0.04911898907515723,0.5003436895091928,1.2484998714136424,0.19615099000000003,496.87100000004284,0.0001379119836530481,0.8443831734151434,0.2132818131661442,0.10299816434106829,0.08952875097739987,1.007917575442868,0.008615299999999992,140.28490000008605,-0.0022764142184387103,0.8072651338802155,0.9398361818181818,443
649,3.468296081052631,0.04918843665085493,0.4958051096615743,1.248105192365115,0.19624780000000008,496.92460000002757,0.000138449326163646,0.8438413750312287,0.21267674858934166,0.10296798836683034,0.17089748411587502,1.0349539548337061,0.00858519999999996,140.24479999998584,-0.0022701376013656853,0.8072651338802155,0.9396721818181817,442
650,3.468509635789474,0.049338322773905784,0.48609150564121384,1.2459606302077864,0.19619829,497.03309999988414,0.00013935763793807327,0.8438413750312287,0.21081810877742943,0.10100771962627651,0.09807357472287759,1.010999550948733,0.008538500000000004,140.38020000001416,-0.0022297244059602626,0.8072651338802155,0.9396600909090909,441
651,3.468633750526316,0.04941959935022089,0.4791586840711801,1.2445649010771946,0.19619715999999987,497.0089999998454,0.00014008682166589506,0.8443831734151434,0.2100996435736677,0.10057643959381307,0.08058294711779901,1.006032115027878,0.008512899999999934,140.35489999991842,-0.0022218126578375922,0.8072651338802155,0.9395663636363635,440
652,3.4686182336842104,0.0493920345521413,0.48272402749662335,1.2448287454235494,0.1960588000000001,496.786600000225,0.0001396625041767604,0.8459773670667183,0.2103727225705329,0.1006396414177671,0.060436182171174746,1.0047344739750221,0.008520400000000095,140.37039999989793,-0.0022232661480935,0.8118773356528332,0.9395605454545454,439
653,3.467423496808512,0.047990827055385085,0.5826268620167698,1.2639628311811106,0.19588076,496.7302999999374,0.00016192355178423946,0.8479087693513864,0.20556529636363632,0.1003817749414982,0.19917368372307154,1.044911552530586,0.008623199999999942,145.42339999997057,-0.002135024810900758,0.8059018856251107,0.9394383636363635,438
654,3.46759045425532,0.04812009842629231,0.5778769299775193,1.2643356905787553,0.19589274999999995,496.7313000001013,0.00016292587508904915,0.8461145485364167,0.21729679909090907,0.11039590667815138,0.27824646258649066,1.0774263092764231,0.009093099999999854,145.30959999980405,-0.0023411764357510675,0.8059018856251107,0.9393607272727272,437
655,3.4677086968085096,0.04820465174979285,0.5723703740252604,1.2628796482641031,0.19581625000000003,496.843600000022,0.00016338088519599387,0.8453979003767265,0.21742773242424238,0.11088199525942459,0.286366089488185,1.082292559560883,0.009069999999999911,145.28499999991618,-0.002350194639340341,0.8059018856251107,0.9392961818181819,436
656,3.467792430851064,0.048290106451439975,0.567703398269451,1.2619547436774634,0.19603310000000007,496.8888000000734,0.00016408607179344201,0.8459454625732359,0.2159896027272727,0.10920414031012764,0.22648848291424972,1.06320606030003,0.009030899999999953,145.34239999996498,-0.002318238889439706,0.8059018856251107,0.9391925454545453,435
657,3.467839414893617,0.048350515799045556,0.5594120583250177,1.2597171586088831,0.19645418000000003,497.1496000001207,0.00016469266984633622,0.8489116843905289,0.21483823484848485,0.1085020355102484,0.2075264462279418,1.0566390775160526,0.008990900000000135,145.41440000012517,-0.002303867088951029,0.8059018856251107,0.9390591818181817,434
658,3.468000341489361,0.048498432370948294,0.5556940400037176,1.2598852073096098,0.19622078999999992,497.1197000001557,0.00016554850577864342,0.8468208136895555,0.21378302424242424,0.10769025370285248,0.2176508124516725,1.0611783620874995,0.008949300000000049,145.41989999986254,-0.0022852744452989083,0.8059018856251107,0.9389585454545454,433
659,3.468092482978723,0.04854832154627117,0.5519330201084793,1.2592725046441724,0.19620771000000004,497.04710000008345,0.00016593483118052037,0.8453979003767265,0.2092045724137931,0.1004221425925655,0.16655394644369448,1.0298182363533912,0.008480699999999786,140.39219999988563,-0.002213969082939478,0.8072651338802155,0.9389098181818181,432
660,3.4683722117021274,0.048734114866127554,0.5410926218855372,1.2574367531782997,0.19613740000000002,497.03490000008605,0.0001672069666819495,0.845926308690739,0.2158794630094044,0.10608321626186713,0.2304773917163061,1.0545399531629278,0.008716200000000063,140.33079999987967,-0.002332823647845385,0.7950455600777633,0.9388453636363636,431
661,3.4685344531914897,0.04887368863075577,0.5338482114880607,1.2546444747682002,0.1961195699999999,496.9459999999963,0.00016801358007029535,0.8505906822030781,0.21546283166144195,0.105450039837143,0.10476696793142581,1.0162580298262722,0.008707600000000149,140.36210000002757,-0.0023261656336060394,0.8118773356528332,0.9387612727272727,430
662,3.467257425806452,0.04738116359316154,0.6347295073769481,1.274058438003448,0.19476587,492.2844999998342,0.00015674883966744203,0.8462672320024069,0.21051103575757577,0.10443481179434712,0.2320402756212503,1.0591268443488417,0.008822700000000072,145.30130000016652,-0.00221918468901996,0.8059018856251107,0.9386474545454545,429
663,3.467336776344085,0.04746158107579456,0.6261278670567494,1.2729974504723094,0.19484595999999987,492.2572999999393,0.00015740212936074134,0.8445150468426343,0.213208534169279,0.10345272923960147,0.152442042416562,1.0302718442568195,0.008616099999999793,140.38470000005327,-0.002279089706197178,0.8118773356528332,0.9386292727272727,428
664,3.4673233989247314,0.04747094864377925,0.6241418840467525,1.2723530995994559,0.19498838000000007,492.53040000004694,0.00015742544060417442,0.8445150468426343,0.2130075106583072,0.103561132429272,0.1618087267166035,1.0285712327932899,0.00860189999999994,140.29910000017844,-0.002284117111719692,0.8118773356528332,0.9385622727272726,427
665,3.4672494053763443,0.04746193377725108,0.6290222154494618,1.275871111476272,0.19481671999999994,492.2575000000652,0.00015749060293130236,0.8363959210196785,0.21245060188087775,0.10360975031937657,0.20722341123349786,1.048721879096144,0.008586299999999936,140.2660999998916,-0.002279952571197487,0.7950455600777633,0.9384366363636363,426
666,3.4672165731182796,0.04751062132392344,0.6239765923852945,1.2735720713712346,0.19480863999999998,492.33660000003874,0.00015791260280459735,0.8414289961624166,0.21166905924764887,0.10333746650076508,0.1422087879103624,1.0268433959688834,0.00854569999999999,140.34989999979734,-0.0022780090623799143,0.8072651338802155,0.9383599999999999,425
667,3.4672814096774185,0.0475516695416956,0.6214216358966107,1.2734953047657531,0.19477208000000001,492.218899999978,0.0001581698973408061,0.838392812241872,0.21091243197492163,0.1028544714480758,0.237506326786864,1.0538060104549472,0.008527799999999974,140.30879999999888,-0.0022627267588642896,0.8072651338802155,0.9383042727272727,424
668,3.4674267301075274,0.04765350373715131,0.6125062407667681,1.2710999740412208,0.19468025,492.16700000013225,0.0001589920245684311,0.8445150468426343,0.21021716614420063,0.10204602124208213,0.20204866581506575,1.048662665537779,0.008502199999999904,140.34709999989718,-0.0022449361622165465,0.7950455600777634,0.9381973636363635,423
669,3.4677269236559143,0.04789280350388137,0.5940394326565346,1.267591155693667,0.1947289499999999,492.4170999999624,0.0001606586090180054,0.841804296218344,0.2083589482758621,0.10041551102325555,0.10510343248570742,1.0165227518277344,0.008439000000000085,140.3200000000652,-0.002215492079323404,0.8072651338802155,0.9381241818181818,422
670,3.4678066709677426,0.04793906932485188,0.5885891734605675,1.267176272426875,0.19475721999999995,492.4118999999482,0.00016102876615714314,0.8391365261339752,0.21764145515151515,0.1116596782552794,0.2600668497150007,1.0796794003701986,0.009092800000000123,145.27559999981895,-0.002366351187611724,0.8014434239115803,0.9380438181818181,421
671,3.4679588247311828,0.048060815399948914,0.5855039009457159,1.2661230129241081,0.19460274,492.3405999999959,0.00016168630872487292,0.8430768333866571,0.20714007366771162,0.09941329920407382,0.11251949875150524,1.0135120622966605,0.008385799999999888,140.32079999987036,-0.0021951339230542946,0.8072651338802155,0.9379814545454543,420
672,3.468173234408602,0.0481775254699639,0.5753063040462605,1.263509903537268,0.19488907999999994,492.51900000008754,0.000162714238904714,0.8500776367365047,0.21515880333333337,0.10991517574237744,0.2784575234145601,1.077351424058894,0.008997300000000097,145.40439999988303,-0.00232951030972623,0.8059018856251107,0.9379108181818182,419
673,3.4684726182795704,0.048394906932579494,0.5664901316010593,1.2625482711786167,0.19473143000000004,492.52579999994487,0.00016392623194275247,0.8481844019749212,0.21783147021943575,0.10834617711611842,0.1651062323940815,1.0434643088746347,0.008793300000000004,140.42009999998845,-0.0023808599255978075,0.7874381880479286,0.9377630909090908,418
674,3.46862498172043,0.04846527506616812,0.5600767711875698,1.2607024363927202,0.19455955000000003,492.2537000000011,0.00016452186207385706,0.8467461885189437,0.21319687272727272,0.10794406328345584,0.2781240730535437,1.0715489935031957,0.008931399999999812,145.4438000000082,-0.0022889166858041424,0.8059018856251107,0.9376611818181818,417
675,3.4689082827956987,0.048620861911881655,0.553385134454591,1.260199280514792,0.19458803000000002,492.3570999999065,0.00016558346230901,0.8399907827064391,0.21265499878787875,0.10730901680553541,0.23636556220872773,1.0651024820966577,0.00889019999999996,145.35839999979362,-0.0022780697410606956,0.8059018856251107,0.9375531818181817,416
676,3.469240833333333,0.04879601655077544,0.5371895667222519,1.25444299283209,0.19471651999999995,492.47099999990314,0.00016659825343269264,0.8481351876466924,0.21815936696969693,0.11136322390137458,0.22903050522589297,1.0680276500141521,0.009117800000000065,145.2365999999456,-0.002364428108958591,0.8059018856251107,0.9374757272727272,415
677,3.473795538271605,0.05458885072108953,-0.3974321899001563,0.7716998579482118,0.19323763000000005,487.5684999998193,0.00021098882493819643,0.9432831011716452,0.22308357303030302,0.11067419816711557,-0.04840830476189906,0.9715443952883478,0.009358399999999989,145.44719999982044,-0.0023689472873184686,0.822172602014345,0.9356907272727272,414
678,3.469070182222222,0.046852734454001774,0.7123987025898915,1.2891690169137169,0.19149826000000003,482.58600000012666,0.00018695864958257367,0.8431065880437003,0.2145903697947214,0.10895390249776662,0.2877265578802217,1.082830380830848,0.009289400000000114,150.40240000002086,-0.0022333311428094902,0.8049015023941357,0.9361515454545453,413
679,3.4673452333333334,0.045750103861889865,0.7665047658683104,1.2965980160841464,0.19148661999999994,482.37470000004396,0.00017991449075589337,0.8468158763890621,0.21014851755485892,0.10032702840229347,0.11309167825979483,1.0198724546689661,0.008493800000000107,140.40240000002086,-0.0022116499894456985,0.8072651338802155,0.9364293636363636,412
680,3.469831273913043,0.048685420496218365,0.5639627946445924,1.2622621714044264,0.19292707999999992,487.18430000008084,0.00016486999998067538,0.8466788673141831,0.21308141121212118,0.10652872807005026,0.26886410812376127,1.072362476295052,0.00892230000000005,145.465799999889,-0.0022566487663184566,0.8059018856251107,0.9364602727272726,411
681,3.4684884241758254,0.04707188667985581,0.6883359708925134,1.285045744064022,0.1930402,487.39220000011846,0.0001891733511583644,0.849030469724932,0.21360286030303033,0.10708761129280496,0.27065109232117246,1.0738016041129697,0.008946200000000015,145.39379999996163,-0.002270460727187407,0.8059018856251107,0.9363959999999999,410
682,3.468532839560439,0.04707785404100053,0.6836067218063215,1.2838904792764172,0.19320268000000007,487.66599999996834,0.00018921763843271307,0.8507762111877863,0.2146383393939394,0.1073129944602468,0.1876234517693951,1.0466873947133515,0.008972399999999991,145.30220000003465,-0.0022833085518669275,0.8059018856251107,0.9363988181818181,409
683,3.4686503637362645,0.04717296139270299,0.6760826141809972,1.2814505018361924,0.1931744900000001,487.7123999998439,0.0001899801202309199,0.8519074385827728,0.21341758666666663,0.10639421409751193,0.2389866320193068,1.0551404641340467,0.008937100000000031,145.37509999983013,-0.0022616408739622295,0.8059018856251107,0.9363586363636363,408
684,3.4687603582417585,0.047211867716054574,0.6774167981783767,1.2828064565261712,0.19305525999999995,487.5091999999713,0.0001900817767743831,0.844057450760711,0.21299575454545452,0.10682439840848469,0.2501571138838292,1.0671148181085888,0.008931200000000139,145.53109999978915,-0.0022640379468835507,0.8059018856251107,0.9362674545454545,407
685,3.468896693406594,0.04732033995346985,0.6709652841211233,1.281027267089607,0.19330531000000006,487.8903000000864,0.00019068605863780544,0.847366201627134,0.2123973518181818,0.10585339538819889,0.2217970235929969,1.0569469761830528,0.008892799999999923,145.3965999998618,-0.0022476785352636025,0.8059018856251107,0.9361856363636364,406
686,3.4688988736263737,0.047311852934147566,0.6706697995662578,1.2805731127749775,0.19318787000000004,487.6594000000041,0.0001907288233629863,0.848075964917687,0.21622547523510965,0.10588857164471065,0.16448700309926378,1.034541087838314,0.008729899999999846,140.32340000011027,-0.0023329475019726966,0.8072651338802155,0.9361785454545454,405
687,3.469003937362637,0.047409781645712544,0.6715739935520455,1.2819737514622076,0.19297747999999992,487.6007999998983,0.0001912488389561972,0.8451416625327899,0.21135782636363637,0.1056588144821957,0.2923124785315596,1.075618633904672,0.008863200000000182,145.3711000001058,-0.002241385194602375,0.8059018856251107,0.9360573636363636,404
688,3.4676883455555556,0.04580920260667213,0.7671426937688306,1.2968979711033901,0.19159455999999997,482.71280000009574,0.0001798160358378528,0.8445927419482104,0.21109937242424243,0.10518429246484942,0.1712848714403714,1.0470162646710162,0.00883630000000002,145.3930999999866,-0.0022349647448009777,0.8059018856251107,0.936008818181818,403
689,3.4677860188888885,0.04585039496551213,0.7644543133052526,1.296434300354423,0.19158447999999995,482.6095000000205,0.00018005825708938524,0.8445927419482104,0.21489043793103446,0.10481122906204171,0.17857745614682852,1.0407351650627887,0.008676399999999918,140.36109999986365,-0.0023066835988589892,0.8118773356528332,0.9359602727272728,402
690,3.4680451166666666,0.04606961362928408,0.7463831363977596,1.2924123456388126,0.19160157999999994,482.84150000009686,0.00018154978436834947,0.8445323808962489,0.213425265830721,0.10364109620464784,0.12534680916729224,1.0264493053712362,0.008623000000000047,140.32810000004247,-0.0022849552560106124,0.8118773356528332,0.9358473636363636,401
691,3.4680639033333334,0.046095682229124406,0.7497442230467395,1.294236263020261,0.19126849,482.4140999999363,0.00018177498867098332,0.8445927419482104,0.21463879655172408,0.1046243962390686,0.16742357995584012,1.0337830944395288,0.008651799999999987,140.31680000014603,-0.0023059477574301395,0.8072651338802155,0.9358244545454544,400
692,3.4682413699999994,0.04622550668223218,0.7398377809168029,1.292537307535127,0.19151865000000012,482.71870000008494,0.0001826168350066263,0.8445927419482104,0.21274657962382443,0.10337322438114216,0.1250383165112332,1.0244510584862951,0.008585900000000146,140.28230000007898,-0.0022796628837154485,0.8072651338802155,0.9357094545454545,399
693,3.468377736666667,0.04630129945488206,0.7344094927320066,1.2918998157106791,0.19160073,482.7805000001099,0.00018316962705522508,0.8445927419482104,0.21224765517241373,0.10180825652043132,0.0711457210904971,1.002755546363702,0.008565999999999852,140.25780000002123,-0.0022507800207251794,0.8072651338802155,0.9356213636363636,398
694,3.4684400277777785,0.046363911383464136,0.7316528484195799,1.2912391566206904,0.1913903,482.60350000020117,0.00018354613903790652,0.8440208436540784,0.21155601692789966,0.10240607852861007,0.07242206816985819,1.0187538198303379,0.008550000000000058,140.37489999993704,-0.0022573545295352195,0.8118773356528332,0.9355809090909091,397
695,3.4686059933333335,0.04649793158083149,0.717821121993631,1.288023161263905,0.1915513499999999,482.8527999999933,0.0001845456816468697,0.8454520385709179,0.21040838056426328,0.10087607958054444,0.13609853675369266,1.0200228639397224,0.008492800000000189,140.30789999989793,-0.0022265896483173986,0.8118773356528332,0.9355491818181818,396
696,3.4685577500000004,0.04649500040916385,0.720726831840873,1.2895645528020416,0.19143458000000013,482.5478999998886,0.0001845943955538895,0.8435452529073281,0.21021578119122253,0.10127872201015926,0.12116204549879495,1.0211247653087907,0.008491599999999933,140.31459999992512,-0.0022344507983420867,0.8118773356528332,0.9353185454545454,395
697,3.468770906666667,0.04666893740032267,0.7149426292374979,1.2884419813719126,0.19123520000000005,482.5276999999769,0.000185870521398024,0.8431065880437003,0.2074782554858934,0.09933866756935243,0.09848783194055732,1.0135365359551909,0.008402499999999868,140.3808999999892,-0.0021919994489112125,0.8118773356528332,0.9352804545454545,394
698,3.46899801,0.046797475010685596,0.7001580293433438,1.2854180371171255,0.19148192000000008,482.71809999994,0.0001866363877176644,0.8453612463033837,0.21700772818181818,0.11095670511524354,0.2548851897747615,1.072659327752255,0.009055400000000047,145.39500000001863,-0.0023514260769100384,0.8059018856251107,0.9352394545454545,393
699,3.4690183566666666,0.046812019817441625,0.6977489199931886,1.284744045158481,0.19176366999999994,482.8796000001021,0.00018676157862383772,0.8469836452169734,0.21652619121212113,0.1102485845517253,0.21544513757360972,1.0589498677650446,0.009053900000000059,145.37100000004284,-0.0023407108544073055,0.8059018856251107,0.9350731818181817,392
700,3.4692010699999996,0.04695647401994684,0.6948443657799812,1.2851232075039807,0.19139149999999994,482.5100000000093,0.0001879740873042212,0.847044006268935,0.21556507303030303,0.10915418807726533,0.24056625835081924,1.0628367428104244,0.00901900000000011,145.38080000015907,-0.0023165431582276865,0.8059018856251107,0.9349495454545453,391
701,3.470089233707865,0.04701116830348536,0.6721729247132124,1.2904337600218414,0.19129448000000004,482.56059999996796,0.00018670676852038386,0.8371470106043225,0.21768644451410657,0.10783284903107522,0.175019129937239,1.0395306467734104,0.008792399999999922,140.37170000001788,-0.0023729783792094845,0.8072651338802155,0.9349223636363636,390
702,3.469545151111111,0.04721238517559819,0.684534642207447,1.2833778033473888,0.19131902999999995,482.62080000014976,0.0001895622659003859,0.8502322511260009,0.217338773354232,0.10688142455983266,0.161305751013594,1.0364927735117622,0.008783800000000008,140.29239999991842,-0.0023551706673008046,0.8118773356528332,0.934754,389
703,3.469680451111111,0.04738475016741772,0.6736507381948678,1.2822971488542847,0.1914090999999999,482.69659999990836,0.00019087801765576767,0.8493894567961524,0.21588077366771163,0.10638655237441788,0.16355632130795117,1.035313033232692,0.00873210000000002,140.310499999905,-0.0023431522076653465,0.8072651338802155,0.934719,388
704,3.4697203788888884,0.04735985948613687,0.6727192630692613,1.2809254149062592,0.19126295999999987,482.4387999998871,0.00019069993278146146,0.8517184050305109,0.21249167121212115,0.10672566478754282,0.22834925434114695,1.0646423072596847,0.008891900000000064,145.31729999999516,-0.0022656396227338127,0.8059018856251107,0.9346336363636363,387
705,3.4710766054945053,0.04863059581202938,0.4898659020192935,1.2414329748780268,0.19784782,486.93290000013076,0.00016490681495199246,0.8507762111877862,0.21640721097178683,0.10730979048366028,0.21749787538543508,1.0516993733516735,0.008747300000000013,140.37309999996796,-0.002359827426031975,0.8072651338802155,0.9345404545454544,386
706,3.468647631460674,0.04596806965490383,0.7648981484417421,1.2958177140221216,0.18990287000000006,477.7092999999877,0.00018048511798042806,0.8476532196622524,0.21415420626959247,0.10486781373903209,0.15530617240954303,1.0315390397794677,0.00865680000000002,140.27430000016466,-0.00231141792388418,0.8072651338802155,0.9344284545454544,385
707,3.47002893,0.04739099604154057,0.5797047494477856,1.258599699088267,0.19681207999999994,482.62730000005104,0.00015470985594449104,0.8526038234077593,0.2130581429467084,0.10423230312189811,0.14388881062776226,1.0310552191388442,0.008618999999999932,140.31000000005588,-0.002296853596284329,0.8072651338802155,0.9343232727272728,384
708,3.4689210595505613,0.04617265842083612,0.7435011246886183,1.292911405497693,0.19019988999999993,477.95730000012554,0.00018204258805671735,0.8447626973825124,0.21228435611285262,0.10358144256273205,0.13712339442803367,1.0262191475822384,0.00857859999999988,140.33840000000782,-0.0022839831695301615,0.8072651338802155,0.9342047272727271,383
709,3.470386142222222,0.04765851707334042,0.5563821562507769,1.253979401481019,0.19695343999999992,482.8228000001982,0.00015677087073585978,0.8526038234077593,0.21134501379310344,0.1025820993272448,0.13969099358978543,1.0246784526974024,0.008540399999999781,140.25150000001304,-0.002264027902657088,0.8072651338802155,0.9341791818181817,382
710,3.4691741134831466,0.04638267258399561,0.70648597986205,1.2846347568721037,0.19176682,479.2060000000056,0.00018399282093353497,0.8477365238894448,0.20995914106583075,0.10150855665818916,0.0814083041246576,1.0128697521756116,0.008501899999999951,140.1765000000596,-0.00224257494133738,0.8072651338802155,0.9340502727272726,381
711,3.4704999366666667,0.047828818605721114,0.5598452470748567,1.2565955228713643,0.19583948000000007,481.9784000001382,0.00015794289360798844,0.8526038234077593,0.20980151191222568,0.10155899442059266,0.13071548892708584,1.024633177675702,0.008485399999999865,140.3829000000842,-0.002238446585631026,0.8118773356528332,0.9339370909090909,380
712,3.4705226277777785,0.047867371829455316,0.5357695484627314,1.2505436100198943,0.19680969000000004,482.6955999999773,0.00015864942759422467,0.8526038234077593,0.20830789968652036,0.10077588267449249,0.13416260487952902,1.026228603587712,0.008425900000000208,140.33049999992363,-0.0022219755532155434,0.8072651338802155,0.9339191818181817,379
713,3.4705991222222226,0.04793367650436505,0.5302908375474744,1.2507634833302606,0.1971392999999999,483.06609999993816,0.00015929742278471368,0.842898463329991,0.2164712748484848,0.11103238267206231,0.22798611210358777,1.0668804034980157,0.009054000000000118,145.4216000000015,-0.0023541657248978298,0.8059018856251107,0.9338171818181816,378
714,3.470754672222223,0.0480658958837212,0.5219639312172131,1.2479251075240934,0.1969605499999999,482.85290000005625,0.00016022813879978384,0.8511176695032493,0.2161080563636363,0.11049043638042814,0.24794351636516332,1.067819632391373,0.009007100000000046,145.34719999996014,-0.002343960271648612,0.8059018856251107,0.9337241818181816,377
715,3.4709701677777773,0.048182859732383274,0.5181789022890584,1.246931011286373,0.19669350000000008,482.6388999999035,0.0001607913299762569,0.8493894567961526,0.21861773981191227,0.10917871545880144,0.2050696597995585,1.0499356884309954,0.008838399999999913,140.37420000019483,-0.0023998136052381107,0.7950455600777633,0.9335376363636363,376
716,3.471062782222222,0.048269594713041174,0.5102142138940096,1.2457502514388694,0.19661836,482.5344000000041,0.00016171077159595927,0.8494952705896595,0.21837968902821317,0.10877472544518954,0.15602951945270105,1.0380738450380569,0.008804299999999987,140.28139999997802,-0.0023946213845124444,0.8072651338802155,0.9334904545454544,375
717,3.4713237877777776,0.048458996296217444,0.4942805537585473,1.242324519960159,0.19719754999999994,483.12529999995604,0.00016298886338465352,0.8501525590870349,0.21642050564263324,0.10695674887543469,0.17324142302184997,1.0399384486638632,0.008739800000000075,140.34239999996498,-0.002353343218537653,0.7950455600777633,0.9333856363636364,374
718,3.471536216666667,0.048612980350154905,0.49490751081269035,1.2426881330123474,0.19636663999999993,482.4806999999564,0.00016394447096805453,0.8468158763890621,0.21630586018808776,0.10779873520008486,0.1464644134979971,1.039925167429544,0.008714800000000134,140.3225000000093,-0.0023715066321459786,0.8072651338802155,0.9332631818181818,373
719,3.471757327777778,0.04872642115020324,0.47687583833588265,1.2392547627711008,0.19730096000000008,483.23439999995753,0.00016483532506119606,0.8478125106241081,0.2150214420062696,0.10628054676211879,0.16003992154598912,1.0395622846815038,0.008663700000000052,140.2612000000663,-0.0023399351730415095,0.7950455600777633,0.933148,372
720,3.4704185067415736,0.04723672214576858,0.5971870250752724,1.2617618683598066,0.19584685999999996,478.1169000000227,0.00015258382444017964,0.8550060066399701,0.21494497492163014,0.10686098782531868,0.23380858708673724,1.062720865224472,0.008656900000000078,140.2894999999553,-0.0023473174194106453,0.8072651338802155,0.9330539999999999,371
721,3.469256043181818,0.04571876740660263,0.685827194297242,1.276734568364391,0.19550620000000007,478.0349999999162,0.0001801046739013085,0.8490480699061487,0.21300969592476485,0.10469333364668584,0.128289447347127,1.0291623771658756,0.008596599999999954,140.3039000001736,-0.002306890943085571,0.8118773356528332,0.9330332727272727,370
722,3.4695096147727273,0.04591149499629266,0.6716342707209146,1.2743765982696922,0.19553070000000006,478.13449999992736,0.00018150626024191,0.8490480699061487,0.2117895605015674,0.10363942332083977,0.17501608944571823,1.0416254092757673,0.00855299999999981,140.28499999991618,-0.0022818390210101874,0.8072651338802155,0.9328657272727271,369
723,3.4696319852272732,0.045959437560338476,0.6740696519528768,1.2744792290088847,0.1953252499999999,477.8208999999333,0.00018177639691289063,0.8490480699061487,0.21168363448275862,0.10347668906312742,0.16862559843038571,1.0377297279387485,0.008551599999999882,140.27659999998286,-0.0022787689151375842,0.7950455600777633,0.9327571818181817,368
724,3.469796831818181,0.04602947124563032,0.6637793219704622,1.2722088097214448,0.19538739000000005,477.85679999995045,0.00018240054130652382,0.8497820296725158,0.21159392225705329,0.10329419552081869,0.11454443244540391,1.0224707385389598,0.00854850000000007,140.43940000003204,-0.0022756103900313904,0.8072651338802155,0.9326990909090908,367
725,3.4700609909090914,0.046214435923790834,0.662829515836008,1.2747413587945837,0.19519215,477.7386000000406,0.00018345373849015787,0.8416762090694763,0.20967774388714733,0.10155698579763257,0.11416666742788761,1.0182540663445276,0.008477300000000021,140.311299999943,-0.0022412536710240284,0.8118773356528332,0.9325289999999998,366
726,3.470123156818182,0.04627373668647666,0.6607725049047612,1.2722838398086371,0.19486259999999989,477.49359999992885,0.00018384366127742065,0.850070434942807,0.21017555705329152,0.10219766147421623,0.15867061431057916,1.032419715366757,0.008489500000000039,140.26490000006743,-0.0022524730775359087,0.8118773356528332,0.9324776363636363,365
727,3.470363855681818,0.04643410346994124,0.6468638874768913,1.270095453046342,0.19539233999999994,477.9579000000376,0.00018512869253819975,0.8498523674285895,0.21186433344155842,0.09976746410286892,0.05319869377160513,0.994938066427799,0.0082587999999999,135.36409999988973,-0.002283743058751321,0.8011615612274843,0.9324077272727271,364
728,3.4706159704545456,0.046654131269152875,0.6384065978205267,1.2690066627295864,0.19475054000000003,477.63020000001416,0.00018656596538529533,0.8522890045459841,0.21631777424242424,0.11091852373011525,0.24520055914158068,1.0749332792076216,0.009032699999999894,145.30139999999665,-0.002350956656886783,0.8059018856251107,0.9322401818181818,363
729,3.4707490875,0.04673308125633021,0.6289039683451909,1.265762850445139,0.19527419999999995,477.874599999981,0.0001873313813150393,0.854641390797241,0.21951619968652034,0.10945103338586826,0.1368382494209519,1.0348222456073792,0.008849200000000002,140.32400000002235,-0.00240925499821782,0.8072651338802155,0.9321321818181817,362
730,3.4709545727272726,0.04687222241576357,0.6190756766261574,1.2647847911282697,0.19546574000000005,478.13280000002123,0.00018821827245976252,0.8518348451878858,0.21851688620689652,0.10888675288201193,0.18354037268517454,1.0453693076295243,0.008808900000000008,140.2345000000205,-0.0023969658451486486,0.7950455600777633,0.9320590909090909,361
731,3.4713366068181823,0.04709150790965406,0.6095602454214806,1.2626227509312182,0.19527232000000005,478.0692999998573,0.00018977683735727172,0.8538089346755968,0.21707599811912226,0.10794812519030321,0.1997966951974841,1.0498382425049573,0.008756500000000056,140.36230000015348,-0.002373774758052155,0.8072651338802155,0.9319284545454544,360
732,3.4702123689655164,0.04562904396990745,0.7073801894751082,1.2791931422434828,0.19392116999999998,473.1762999999337,0.00017862722606116382,0.8556073149310208,0.21581772413793104,0.10662495315184979,0.1863044116910264,1.0441369878486886,0.008717699999999828,140.31059999996796,-0.0023469445931033023,0.8072651338802155,0.9317929999999999,359
733,3.470356590804599,0.04575479807285849,0.7051614112706726,1.2797536898365016,0.19387876000000004,473.1896999999881,0.0001793646502041173,0.8529007495210891,0.2144002636363636,0.10554488224342343,0.1332578607291648,1.0290365907393915,0.008667599999999887,140.35120000015013,-0.0023253605983950005,0.8072651338802155,0.9316788181818182,358
734,3.470948011627908,0.045565210906571424,0.6897349483615556,1.288034821482492,0.19394146000000012,473.1416999998037,0.00017630103326508778,0.8401288989287107,0.21478764639498432,0.10607365830410848,0.16245945373528548,1.0390095259270744,0.008659799999999995,140.35349999996834,-0.0023348350969104883,0.8118773356528332,0.9315603636363635,357
735,3.4703454540229886,0.0458788323173441,0.6927317416462921,1.2784699138015572,0.19377502000000002,473.18009999999776,0.0001805325274061664,0.8483355678259326,0.21334114545454544,0.1050510343914042,0.15600542495395198,1.0343008109434009,0.008614000000000122,140.36330000008456,-0.002313196478538099,0.8072651338802155,0.9315372727272727,356
736,3.4705656655172406,0.0460743734317826,0.6900749981326642,1.2778274865560353,0.19262406999999993,472.31850000005215,0.00018185301634818428,0.8491546984898517,0.2119321905956113,0.10414962282905998,0.1469190352060683,1.033174732406847,0.00855870000000003,140.3566999998875,-0.0022930202246041237,0.8072651338802155,0.9313606363636363,355
737,3.4706664494252872,0.04610669553168607,0.6706144929419136,1.2740684671722085,0.19377889999999987,473.11410000012256,0.00018221224555399948,0.8488275582536051,0.21131116865203756,0.10344843345786002,0.14343435988788755,1.0296564858053405,0.008529000000000009,140.2577000001911,-0.0022812669796681605,0.8072651338802155,0.9313231818181817,354
738,3.4707077896551715,0.04613482922900093,0.6660093870268087,1.2732211030346803,0.19405921000000004,473.2909000001382,0.00018274638161397028,0.8501530885755907,0.21077126081504696,0.10311715543536198,0.09078818077567385,1.0155498371578895,0.008501599999999998,140.32849999982864,-0.0022749557465856184,0.8072651338802155,0.931194818181818,353
739,3.470860737931035,0.04628165927015682,0.656830788345927,1.2714537365441299,0.19403208000000005,473.28790000011213,0.0001836827788367649,0.850956577769442,0.20923254169278993,0.10184315303195954,0.10291795173803076,1.0126939050012382,0.008452600000000032,140.30909999995492,-0.0022484410166556225,0.8072651338802155,0.9310658181818182,352
740,3.470977440229886,0.04637783206226036,0.6465686809693452,1.269684913763149,0.19418166999999997,473.36939999996684,0.0001845280516728174,0.8513633489302168,0.2118233902597403,0.10048802258955783,0.0840292538984353,1.0045402377953114,0.008263600000000038,135.4274999999907,-0.0022975456484342254,0.8011615612274843,0.931017,351
741,3.471109068965518,0.04654379028381793,0.6633709907088341,1.2741683403402542,0.19251363999999993,472.26439999998547,0.0001853375675740398,0.8498259483393441,0.2107156720779221,0.09990624281028464,0.10073428550697816,1.0028663333410242,0.008213000000000026,135.38240000000224,-0.0022862402185497748,0.7963846379629874,0.9308295454545454,350
742,3.4712643643678174,0.04662361001139744,0.6311687631870213,1.2668276164271157,0.19402158000000003,473.27570000011474,0.00018632555275912172,0.8488275582536049,0.21939222319749213,0.11071492740052166,0.21934235084351972,1.058749402180259,0.008843299999999887,140.39119999995455,-0.002430114392672397,0.7950455600777633,0.9307192727272726,349
743,3.4714065896551713,0.04678883127309446,0.6228024072770872,1.2653564243485513,0.1940758199999999,473.346700000111,0.00018766734166585878,0.8526647530936344,0.2099832304075235,0.10305583888012335,0.16412373715299244,1.0381356534124853,0.008475099999999847,140.41190000018105,-0.0022678568946831374,0.8072651338802155,0.9305633636363636,348
744,3.471582825287356,0.04696228756019872,0.6127150987327097,1.2641405211397783,0.19406696,473.51720000011846,0.00018886839842564634,0.8544907585317922,0.2155222467084639,0.10749222996134809,0.18885008874704345,1.0464585346024868,0.008724500000000024,140.37530000018887,-0.002363139301934098,0.7950455600777633,0.9304717272727272,347
745,3.471550726436782,0.04697162499411517,0.613618248112223,1.2652371155986084,0.19401420999999996,473.3350999997929,0.00018918577947866363,0.8538991396068281,0.2156506373040752,0.10829173468449564,0.2212855886010887,1.056131829735404,0.00869870000000006,140.2807999998331,-0.002380385411994315,0.7950455600777633,0.9304556363636364,346
746,3.4716046448275852,0.047070981917206094,0.6046897545293808,1.2630107516555436,0.19412359999999995,473.4384999999311,0.00018991881122931497,0.8544381501119618,0.21879611915584415,0.10734258449681003,0.15445431446314561,1.0381543492644065,0.008505299999999938,135.37240000022575,-0.002445268507447105,0.8011615612274843,0.9303431818181818,345
747,3.4716306781609187,0.047142340437406983,0.6052398188977763,1.264002200692496,0.19411975999999997,473.4487000000663,0.00019060105554005965,0.8513633489302167,0.21357121974921628,0.10682604204187744,0.15963448507595057,1.0451012334603063,0.008619300000000107,140.50139999995008,-0.002346068577670933,0.8118773356528332,0.9302326363636364,344
748,3.4716023816091957,0.04718248949098208,0.6121807251653895,1.2660616770124848,0.19325486999999997,472.7268000000622,0.0001908424155770164,0.8485445417486897,0.21285786112852664,0.10656052628345136,0.24582620998321003,1.063422447796087,0.008595700000000095,140.51049999985844,-0.0023367203557581066,0.7950455600777633,0.9301468181818182,343
749,3.4702135976744173,0.04557399734955933,0.7073270971158196,1.281573003913881,0.19249638000000013,468.31770000001416,0.00017864403536306216,0.8525955243594395,0.21648130064935064,0.10591819053397339,0.14398090068078107,1.0360636748362728,0.008405100000000054,135.43980000005104,-0.0024117610393329576,0.8011615612274843,0.9300672727272727,342
750,3.470431962790698,0.04579132709746027,0.6919977131340787,1.2788379319590426,0.19229392999999995,468.2744999998249,0.00018019715988837847,0.8491540254830992,0.2146453516233766,0.10467517386970634,0.11604842293730577,1.026731480747287,0.008327900000000055,135.22050000005402,-0.0023900418766946894,0.7963846379629874,0.9298789090909091,341
751,3.4704875046511625,0.0458563405094981,0.6826695083935514,1.2769531180504388,0.19231685999999992,468.214599999832,0.00018087825119202336,0.8500834678903705,0.21390125162337664,0.10397394338579102,0.17837513965222573,1.036624204722671,0.008310099999999876,135.15540000004694,-0.0023742778433440575,0.7963846379629874,0.9299059999999999,340
752,3.470543597674418,0.04594449198203767,0.6893900099116426,1.279740605566861,0.19186650000000005,467.89749999996275,0.00018135920302925494,0.847857718815809,0.21350530097402592,0.10374763580820376,0.1267307328593037,1.022725436040442,0.00829000000000013,135.31990000000224,-0.0023684418110401576,0.7963846379629874,0.9297393636363636,339
753,3.470769287209303,0.046086555397879696,0.6693666323780998,1.2751334950462223,0.19213312000000005,468.0259000000078,0.00018256234477378043,0.8500834678903705,0.21243319610389608,0.10277840860172051,0.07621109226897982,1.0078474334168153,0.008245399999999847,135.19960000016727,-0.002352286180746817,0.8011615612274843,0.9296645454545455,338
754,3.4710200790697674,0.04627380199361726,0.6522980360296202,1.271712746855466,0.19221278000000008,468.19550000014715,0.00018407451785896638,0.8489872584289819,0.2103079853896104,0.10074564137036024,0.07010545715721861,0.9991284333819422,0.008174300000000079,135.29879999998957,-0.0023064677927570566,0.8011615612274843,0.9295186363636363,337
755,3.4711113627906975,0.04634708017653462,0.6499012572639882,1.2711231563151566,0.19214251000000004,468.1081000000704,0.00018467041238416634,0.8495023579983418,0.2099996922077922,0.10108545094898955,0.127920377254771,1.0210978542910718,0.008165200000000095,135.3858000000473,-0.002307720552738344,0.7963846379629874,0.9294950909090909,336
756,3.4712877674418605,0.04647502689084801,0.6440209237317083,1.2701720723871688,0.19224416999999994,468.1934999998193,0.0001855114654079653,0.8495023579983418,0.21934777805642633,0.11200245892036347,0.20442578923286447,1.0557367719965747,0.008814199999999994,140.31119999988005,-0.002460454948524289,0.7950455600777633,0.9293330909090908,335
757,3.471605777906977,0.04668566465471311,0.6288247785060439,1.2680794686487387,0.19220506000000015,468.16929999995045,0.00018714245918434656,0.8481972463559594,0.216964450783699,0.10994628318094635,0.19128168993534977,1.0524914619447365,0.008739899999999912,140.30859999987297,-0.0024171865541815296,0.7950455600777633,0.929221,334
758,3.4717415686046507,0.046740262839841555,0.6228794975163483,1.2672094973073953,0.19240892999999992,468.36880000005476,0.00018764544625654548,0.8481972463559594,0.21587597272727274,0.10918716319109814,0.20533037247667085,1.056540565097317,0.0086986,140.4222000001464,-0.002397348521292807,0.7950455600777633,0.9290597272727272,333
759,3.472081376744186,0.04707313439403859,0.6031383571386084,1.2624960371223382,0.19248573000000002,468.66559999994934,0.00019004999655863284,0.8527768681931409,0.213927197492163,0.10719246293979191,0.19429520232250264,1.0499807637121796,0.008618100000000073,140.2811000002548,-0.00235707250006155,0.7950455600777633,0.9290125454545455,332
760,3.4721983813953496,0.047136085484404185,0.6016368983223384,1.2631407538383685,0.19226074000000004,468.39259999990463,0.00019047499795484254,0.8481972463559594,0.21353460877742944,0.10729761495414204,0.17967303144807856,1.0504538266927732,0.00859259999999984,140.27989999996498,-0.0023591157079174466,0.7950455600777633,0.9288604545454544,331
761,3.470965100000001,0.045663218721547695,0.7097307856847785,1.2812167269381367,0.19074109999999989,463.4686000002548,0.00017877545238945743,0.8465113453357759,0.2110961818181818,0.101844402719803,0.07668144511422081,1.0017514307996442,0.008212599999999792,135.28679999988526,-0.002331059874529783,0.7963846379629874,0.9287386363636363,330
762,3.4710498964705887,0.04575545698612001,0.700723304821028,1.280104657718186,0.1908932900000001,463.57730000000447,0.00017958588878225595,0.854044605529124,0.21475938246753243,0.10475226380914274,0.12930164578601389,1.0216114818862017,0.008346499999999812,135.34530000016093,-0.0023911486714521197,0.7963846379629874,0.9285883636363637,329
763,3.471124809411765,0.04579567867643352,0.6961153597697192,1.2803069101092597,0.19080967999999987,463.39199999999255,0.00018009758764576513,0.8524621222436666,0.20997969805194802,0.1013067339761285,0.12882872366951492,1.0207353050957053,0.008176399999999973,135.33719999995083,-0.002313536098564024,0.8011615612274843,0.9284941818181818,328
764,3.4712327823529416,0.04586086553258561,0.6902410267968606,1.2786739676403673,0.19067392000000005,463.1260000001639,0.00018054045771234486,0.851702258014957,0.21348550389610388,0.10370132903425479,0.09072501352610818,1.0102106885845015,0.008307999999999982,135.41009999997914,-0.0023695443106113287,0.8011615612274843,0.9284484545454544,327
765,3.471475214117647,0.046025487136428136,0.6678809637139635,1.273193183586155,0.19113973000000006,463.6378000001423,0.0001819343105344821,0.8508885475212443,0.21232103051948048,0.1029111491647787,0.11209704758698402,1.018760432846976,0.008262400000000003,135.42950000008568,-0.0023484876143041065,0.8011615612274843,0.928274090909091,326
766,3.4716098776470585,0.04611727963607561,0.6647496149101304,1.2733498396214062,0.19096996999999993,463.37770000007004,0.00018258123796506976,0.849866665904076,0.21241206980519478,0.10316314960040336,0.12739050625819637,1.0218475596615157,0.008247399999999905,135.45360000012442,-0.002353410189076221,0.7963846379629874,0.9281534545454544,325
767,3.4706109583333333,0.04472977195510785,0.7556281750175566,1.2874704511526158,0.19046067,463.2206999999471,0.00021697351871288937,0.8445621055618007,0.20980717142857144,0.10087874197002686,0.051757231945112725,1.0048192531980893,0.008160700000000132,135.32159999990836,-0.0023063824563283345,0.7963846379629874,0.9279983636363636,324
768,3.470888848809524,0.04486188848052607,0.7409258227733768,1.2841902578807702,0.19077149000000004,463.4528000000864,0.00021799937409811053,0.8443601226213918,0.2183084131661442,0.11119911275743376,0.30385106404023743,1.0780444163494827,0.008791800000000016,140.44300000043586,-0.0024379303782180485,0.7950455600777633,0.9278703636363635,323
769,3.4712094869047623,0.045110141412105856,0.7360784227704347,1.2847126569121115,0.19068445000000012,463.49340000003576,0.0002195298505158491,0.8414348558287845,0.2171569313479624,0.10996638151316772,0.169938569702472,1.0480878460767165,0.008744499999999933,140.462599999737,-0.0024150219261267806,0.799657761850381,0.9277100909090908,322
770,3.4712610559523815,0.045181218738967154,0.7354087670417804,1.2850444474520806,0.19076248000000007,463.4395000003278,0.00022020802023496342,0.8492166422873265,0.21578601128526645,0.10926367051399001,0.21350158955319598,1.0591454383002572,0.008704800000000068,140.42540000006557,-0.002396876385693426,0.7950455600777633,0.9276310909090908,321
771,3.471431570238095,0.04534318701624653,0.7287345386410116,1.2850253074351932,0.1906846299999999,463.4368000002578,0.0002213080611469537,0.847923246695754,0.21005661298701298,0.10111265745295295,0.1363008756291415,1.0194661219748973,0.008180099999999912,135.36149999964982,-0.002309603556636042,0.8011615612274843,0.9275339999999999,320
772,3.471542386904762,0.04549854720493771,0.7200619671340238,1.2838735507159937,0.19018931999999988,463.05079999985173,0.0002227588574942033,0.8486921569271864,0.21031465844155844,0.10186972180210827,0.12457805168305658,1.0254692127399445,0.00818590000000019,135.44329999992624,-0.0023225087590377056,0.8011615612274843,0.9273643636363635,319
773,3.4703111493975904,0.043934159882388905,0.799676452350325,1.2928699465470626,0.18893515000000005,458.44819999998435,0.0002113121831741699,0.8495877527637652,0.21577525519480517,0.1063530350633554,0.14816222452747763,1.0288980253577014,0.00838009999999989,135.37699999986216,-0.0024240419659515592,0.8011615612274843,0.9272576363636363,318
774,3.4704018409638553,0.044038599470785894,0.7868072269705557,1.2905538790346163,0.18959406999999995,459.0424999999814,0.00021227898755888378,0.8503659269738897,0.21478570649350645,0.1051058273277973,0.15082970176606425,1.0324577441540008,0.008326000000000056,135.26560000004247,-0.0023981964012372613,0.8011615612274843,0.9271459999999998,317
775,3.4704545036144583,0.04408343480441085,0.7819906998788104,1.289646848558406,0.18947889000000007,458.8170999996364,0.00021261938115344563,0.8503659269738897,0.2139736584415584,0.10465131089208461,0.11205257229370069,1.017384634380163,0.00831420000000005,135.3218999998644,-0.0023911351977814023,0.8011615612274843,0.9269949090909089,316
776,3.4705699385542172,0.04417478731118572,0.7762677387835097,1.2893492736527867,0.1896033599999999,458.8411000003107,0.00021357447986851042,0.8495877527637652,0.21329478506493502,0.1042940280035305,0.12706279144511923,1.0253445627174622,0.008281899999999842,135.33559999987483,-0.0023795733974747244,0.7963846379629874,0.9269296363636362,315
777,3.470632408433735,0.04423231984530229,0.7669493647110635,1.2873052246424228,0.18963781999999996,458.68559999996796,0.00021410597907748092,0.8485173730167426,0.21232148571428572,0.1032411198530174,0.08046301260262423,1.0122092618193674,0.008253799999999867,135.33099999977276,-0.0023581153354606255,0.8011615612274843,0.9267973636363636,314
778,3.470852796385542,0.044437478376103796,0.7605154513332,1.2883590253459765,0.1895680299999999,458.7840999998152,0.0002155467721170265,0.8516168487142949,0.2091958107142857,0.10078168519024273,0.07021171789338032,1.0000364690190375,0.008153999999999995,135.3807000000961,-0.002305135263523406,0.8011615612274843,0.9266330909090909,313
779,3.470929686746988,0.04455545167809947,0.7513985966905246,1.286093269243628,0.18937817999999995,458.62470000004396,0.0002165671578180803,0.8445655005406816,0.20968054123376617,0.10216393190728443,0.11472486097759571,1.0225977941058493,0.0081519000000001,135.42140000034124,-0.0023297439523027102,0.7963846379629874,0.9265315454545454,312
780,3.4711450048192773,0.04471394211329611,0.7444348460748795,1.2858998456917299,0.18955577000000012,458.7270999997854,0.00021780432041232286,0.8467823721574544,0.21796851661442004,0.11212297260430655,0.23247526640817195,1.068130295347768,0.008774499999999907,140.41699999989942,-0.00245818546905507,0.7950455600777633,0.9264422727272726,311
781,3.4714590289156617,0.04497625368868179,0.7317198934785534,1.2838513230747652,0.18964366,458.9859000002034,0.0002197535042902119,0.8444849451464556,0.21547068244514106,0.11011299904214933,0.22273758686090428,1.0614103392224319,0.008694800000000003,140.4311999999918,-0.002415903261918856,0.7950455600777633,0.9262927272727273,310
782,3.471675253012048,0.04512378252834853,0.7229357801528744,1.281708055976863,0.18968165999999997,458.96400000015274,0.00022097150160202073,0.8444849451464556,0.21348098215488218,0.10167866161988391,0.12441812936829733,1.0124262908882598,0.007992299999999952,130.38659999985248,-0.002408428522370995,0.8031149496957981,0.9262,309
783,3.472012495180722,0.04538057280391512,0.7128431096591394,1.2799418389515418,0.1897537800000001,459.1278000003658,0.00022287767734819353,0.8234863833920477,0.21744657402597398,0.10802496293979504,0.1385479606838076,1.0350801225554591,0.008446000000000176,135.36060000024736,-0.0024602514765030854,0.7963846379629874,0.9259420909090909,308
784,3.4736705857142858,0.04703070950149499,0.5266817313614474,1.243383409518307,0.19590165000000004,463.4280000003055,0.00019100318624404276,0.8533808173795389,0.21607666428571423,0.10661195443356465,0.14290209245284835,1.032528383697742,0.008392100000000013,135.3532999996096,-0.0024305289615538586,0.8011615612274843,0.9258862727272726,307
785,3.472398061445783,0.04544871092711593,0.6295555602918177,1.2610728529436614,0.19500165999999997,458.9150999998674,0.0001781909947702344,0.8485173730167426,0.21526481136363634,0.10586426430360885,0.09132606918444619,1.0179166441382232,0.008350100000000138,135.27510000020266,-0.0024167617727618163,0.8011615612274843,0.9256896363636363,306
786,3.472609560240964,0.04564025180120664,0.6122374861166251,1.2576506155905292,0.19492430000000005,458.8988999999128,0.00017981040306713447,0.8514124322444834,0.21361773214285712,0.10489067759093286,0.1717735222104646,1.0374014194927172,0.008290100000000189,135.2680999999866,-0.002392609335909061,0.7963846379629874,0.9255244545454545,305
787,3.472879222891566,0.04584350542953056,0.5994062524907537,1.2562381389253596,0.19484018999999997,458.91740000015125,0.00018133366459380153,0.8427625134088154,0.2126023948051948,0.10360717937492238,0.08349182729420646,1.0050630076405684,0.008258600000000005,135.28940000012517,-0.0023704154653167416,0.7963846379629874,0.9254885454545455,304
788,3.47325138313253,0.04605738086989258,0.5971591627790032,1.256336753071484,0.19440943,458.7412000000477,0.00018258708755488097,0.8484519212736517,0.2111358094155844,0.10212025649910082,0.136814785535031,1.0209809357997894,0.008215700000000048,135.17870000004768,-0.0023349969970313696,0.8011615612274843,0.9253387272727273,303
789,3.4736212759036147,0.04623266586747467,0.5793516976289137,1.2521012778461325,0.19431704000000005,458.5701999999583,0.00018415583878325946,0.8374593610036145,0.21039200746753242,0.10160484370054272,0.043507991234924326,0.9956672904761971,0.008167599999999942,135.21299999998882,-0.002327300014522736,0.7963846379629874,0.9251757272727271,302
790,3.4740155132530126,0.04641410999778546,0.5613181469110158,1.247567209905733,0.19460445999999998,458.9137999997474,0.00018525891173088403,0.8234863833920477,0.20919673733766228,0.10105991078549673,0.13048662069230277,1.0193417803076967,0.008110699999999804,135.17829999979585,-0.002310852701943234,0.7963846379629874,0.9250131818181818,301
791,3.4743768433734936,0.04668783916192528,0.5518079308666972,1.247415567252326,0.19430380999999997,458.74890000000596,0.00018756905906580407,0.8245328886626415,0.2168156717868338,0.11083200872625203,0.2279575235594229,1.060671437487833,0.008722000000000119,140.25509999971837,-0.0024349042108610308,0.7950455600777633,0.9248515454545454,300
792,3.4731641853658544,0.04517206710725667,0.6619497906571188,1.2659621771594394,0.19441854999999997,458.9385000001639,0.00022254916766520618,0.8245454127129148,0.21565660250783697,0.10953275585908498,0.1485626547875727,1.0412654553556426,0.008670000000000178,140.25169999990612,-0.0024098160704226664,0.7950455600777634,0.9247238181818183,299
793,3.4720109246913577,0.04363854442433468,0.7367905291774894,1.2765597872187089,0.19319182999999995,454.2597000002861,0.00021111994795712318,0.8220565303735281,0.2172205672077922,0.10722651579783321,0.1380393630701633,1.029020394787442,0.008443999999999896,135.31919999979436,-0.0024466390506248333,0.7963846379629874,0.924564818181818,298
794,3.4722391370370373,0.04378597357102342,0.7370605530100081,1.275951913026607,0.19241094999999997,453.6768999998458,0.00021225404740321427,0.8266310898949912,0.21604690584415584,0.10601972297890845,0.1300982454632118,1.0219560700407002,0.00840810000000003,135.33580000000075,-0.0024209830516122625,0.8011615612274843,0.9244636363636363,297
795,3.472480404938271,0.04393856962603842,0.7212821879482769,1.2740538112795332,0.19286084999999997,453.88479999965057,0.000213511492729536,0.828500823190048,0.21567045811688312,0.10565277832700087,0.08981033709978181,1.01045980211251,0.008378500000000066,135.29669999983162,-0.002415857227564751,0.7963846379629874,0.9243201818181818,296
796,3.472731858024691,0.04414190776961805,0.706401168172206,1.2705930288705811,0.19315099999999996,454.18940000003204,0.00021503240606320434,0.8318598927621109,0.21388660551948044,0.10473548380036306,0.09792620685245446,1.0175194482454148,0.008314099999999991,135.29590000025928,-0.002392096667046781,0.7963846379629874,0.9241134545454545,295
797,3.4729924197530866,0.0443198616759812,0.6994617557822962,1.2699397411793885,0.19297701,454.1236000000499,0.00021653004765735865,0.8292254805696347,0.21251515162337656,0.10354559928257089,0.10362300959845161,1.015001569860071,0.008258700000000063,135.3843999998644,-0.0023643785985465013,0.8011615612274843,0.9239305454545453,294
798,3.4733660358024694,0.044551838780703824,0.6796962971029523,1.2668962160172315,0.19322318000000005,454.3482000003569,0.00021815923629388628,0.8241259140508986,0.2113116412337662,0.10200705688271054,0.04225696567387294,0.9993030965491884,0.008211600000000097,135.34920000005513,-0.0023326471590438803,0.7963846379629874,0.9238394545454546,293
799,3.4735091777777773,0.04471652192939985,0.6781542274866759,1.2669646402135437,0.19325596,454.36050000041723,0.0002196850542757663,0.8281531356627299,0.20979453376623375,0.10119778324436174,0.0707215062776072,1.0024708052011668,0.008160700000000132,135.30450000008568,-0.002315276971596227,0.8011615612274843,0.9237032727272726,292
800,3.473735334567901,0.04506030883518542,0.6546830336296217,1.2632557087712497,0.19298256000000003,455.0616000001319,0.00022272915449474912,0.8212885272602808,0.207924737012987,0.09980973666515987,0.09976466225413416,1.0088070944090854,0.008102300000000007,135.37639999995008,-0.0022820351921328994,0.8011615612274843,0.9235577272727271,291
801,3.474065020987655,0.04512788324305362,0.6644743502742791,1.2659925271288965,0.19247771000000002,453.94639999978244,0.000222804824101905,0.8318598927621109,0.22077204058441557,0.1098106170467498,0.12307227693754141,1.0250067471050242,0.008570300000000142,135.30329999979585,-0.002506498418311254,0.8011615612274843,0.9233771818181818,290
802,3.4728929725,0.04359652444394086,0.7410288979678086,1.2748047994284488,0.19171070999999995,449.6225000000559,0.0002112198494388804,0.8318192063523239,0.21945703766233768,0.10923363868138365,0.14202636433762095,1.0299835672528828,0.00849359999999999,135.3334000003524,-0.002491820524270314,0.7963846379629874,0.9232176363636363,289
803,3.47313196125,0.04370532580021756,0.7321527754704098,1.2736094147640051,0.19172584999999998,449.43650000030175,0.00021227559624536945,0.8297274253843415,0.2135753479623824,0.10789123020506806,0.17228510568625044,1.0436150893351774,0.008611200000000041,140.25029999995604,-0.0023746191810018447,0.7950455600777633,0.9230710909090909,288
804,3.47361709125,0.04405323346144302,0.7094306588907906,1.2684943946449825,0.19159878000000008,449.664000000339,0.00021475155214838697,0.8310118506093198,0.21536808181818176,0.10557329071012919,0.16514899087895474,1.0308303026834051,0.008389299999999933,135.42969999974594,-0.0024068504767138857,0.8011615612274843,0.9228776363636364,287
805,3.473758995,0.044112854552394755,0.700285149410393,1.267110552772112,0.19185905999999997,449.5755999996327,0.00021558761041737224,0.83101185060932,0.21422625129870126,0.10466930349168785,0.1003123860581363,1.0152669695950585,0.008330400000000182,135.3464999999851,-0.0023904132564449344,0.8011615612274843,0.9226876363636363,286
806,3.4740956849999995,0.04441690835751087,0.687711647154631,1.2661653973461824,0.19168085,449.61200000019744,0.00021774681679861548,0.8345768787131388,0.21286608376623375,0.1035451900648159,0.09724346381724347,1.0166125692163084,0.008280400000000077,135.39830000000075,-0.0023633939611392113,0.8011615612274843,0.9225755454545453,285
807,3.4741548462500007,0.04444580572006552,0.6876444673752156,1.2682646241016924,0.19169658999999994,449.5611000000499,0.00021826821834180626,0.8228185509953747,0.2124383896103896,0.10320233856571194,0.11650345934969542,1.0155893408686718,0.008267299999999977,135.45839999988675,-0.0023554497057882225,0.7963846379629874,0.9224192727272726,284
808,3.4745667150000004,0.044789156509827205,0.6625539784757208,1.2624784100863695,0.19180560000000002,449.7593000000343,0.00022091375823922866,0.828475360067176,0.21023345422077916,0.10134480249864944,0.043489004603909365,0.9957572092238414,0.008164299999999791,135.2296000001952,-0.0023210519378041427,0.8011615612274843,0.9222239090909089,283
809,3.4747253175,0.04493716190123623,0.6583855879005256,1.2633381529809595,0.19186157000000004,449.7269999999553,0.00022220197838376937,0.828475360067176,0.2188151501567398,0.11230752392810575,0.19857729705765825,1.0528702812795552,0.008796499999999874,140.33580000000075,-0.0024672337549274917,0.7950455600777633,0.922092090909091,282
810,3.47496260375,0.04509887709784124,0.6447203068283698,1.2612145588977433,0.1921385499999999,449.9800999998115,0.0002235607717439872,0.8230908671482846,0.21696527711598745,0.11085288755725377,0.20708655245008467,1.054121394286986,0.00873899999999983,140.3479999997653,-0.002435170280402046,0.7950455600777633,0.9219714545454546,281
811,3.473627363291139,0.043557793734019995,0.7437297435666359,1.2743302629327293,0.18989939,444.51839999994263,0.0002114452473670112,0.8288461896584248,0.21485235799373037,0.10887310610725448,0.1577301407859517,1.0417694841318565,0.00866330000000004,140.33869999973103,-0.002394447798950444,0.8072651338802155,0.9218009090909091,280
812,3.473710539240505,0.043629112776966184,0.7360958472028356,1.2726759317909833,0.19012838999999992,444.5674000000581,0.00021214507127148118,0.8277466967791933,0.21834222889610388,0.10836900364351654,0.09588029004595233,1.02083895049946,0.008489500000000039,135.30239999992773,-0.002472719989604874,0.8011615612274843,0.921614909090909,279
813,3.4739686481012653,0.04384282214264971,0.7151099253225066,1.2699873779700839,0.1904417300000001,444.8749000001699,0.00021403583101913437,0.8294977193606007,0.21637862370129865,0.10707846412170144,0.10337928673161745,1.0173884404979225,0.008409099999999947,135.32780000008643,-0.00244502077030312,0.8011615612274843,0.9214546363636362,278
814,3.4741318417721527,0.04396845302859887,0.705291155316317,1.2683244128895317,0.19021183000000008,444.6406999998726,0.00021543577906205815,0.8339833856931463,0.21554053214285715,0.10633386937279372,0.1158428944088632,1.0208627563746506,0.008377500000000149,135.3352999999188,-0.002427200514328762,0.8011615612274843,0.9213177272727271,277
815,3.4745014518987345,0.04422199613559271,0.6871481078152466,1.2652307380588377,0.19030857,444.82159999990836,0.00021729325755524205,0.8333318559909706,0.21361319870129866,0.10500504463405437,0.12494020683070506,1.0231218754829248,0.008302699999999996,135.25769999995828,-0.0023984117099579818,0.7963846379629874,0.9211940909090908,276
816,3.4747432253164554,0.044399820088245674,0.6887323120578279,1.2675866176250383,0.18970578999999999,444.3466000002809,0.000218559325021344,0.8333318559909706,0.21234957564935067,0.10374240757017375,0.11907982887654578,1.0206218654685137,0.008258199999999993,135.31919999979436,-0.0023688156979934476,0.8011615612274843,0.9209535454545454,275
817,3.4750051291139235,0.04465332172037565,0.663106105772659,1.2611523393573392,0.19041567999999998,444.9042000002228,0.00022085797817304617,0.833853253170696,0.21007081688311685,0.1021138266053612,0.08080231804606353,1.005560570151233,0.008181699999999958,135.3096000002697,-0.0023359925029996305,0.8011615612274843,0.9208536363636364,274
818,3.4750455683544312,0.044657984212790915,0.6382472822969891,1.2567051729718612,0.19269687000000002,446.4871999998577,0.00022126792046020524,0.8289071861804306,0.22265535779220774,0.11242710527094311,0.1233669646773623,1.0322275642257077,0.008652400000000116,135.3510999996215,-0.0025614680858303852,0.7963846379629874,0.9206772727272726,273
819,3.4753179860759498,0.04500222232956299,0.6457839166829822,1.2607122581496393,0.1904594300000001,445.11499999975786,0.00022364829965704742,0.8278046326339435,0.2207500522727273,0.11081485087195599,0.09613915887244584,1.016828209491739,0.008554600000000079,135.27379999961704,-0.0025310064853476394,0.8011615612274843,0.9205392727272727,272
820,3.4755366392405054,0.045186454412877206,0.6346845880321457,1.2582204293620913,0.19019550000000007,444.84790000040084,0.0002254259726876419,0.8280645274337987,0.21902279415584416,0.1098791755676797,0.12831964484623892,1.0301598690248794,0.008514899999999992,135.40909999981523,-0.002503685626365936,0.8011615612274843,0.9203531818181817,271
821,3.4742398307692306,0.04356861695929826,0.7426743424768643,1.2746352257685154,0.18863016,439.7823999999091,0.00021239472824204845,0.8273627399763427,0.21769710844155846,0.10828020092742643,0.11240782683302442,1.0195297911496806,0.008459999999999912,135.30120000010356,-0.0024727577018583253,0.7963846379629874,0.9200934545454545,270
822,3.4743576782051284,0.043760455379660244,0.7224408569867458,1.2695850480583333,0.18853604000000002,439.7092999997549,0.00021432155553804098,0.8367346214963581,0.21605874545454548,0.10717833424830056,0.09715390987517525,1.0150976116108645,0.008391100000000096,135.27520000003278,-0.002448924772597298,0.8011615612274843,0.919972909090909,269
823,3.474462108974359,0.04393684904343104,0.7070804078687432,1.2693988028973493,0.18830437,439.56429999973625,0.00021582774936010682,0.8259859242500883,0.2137970068181818,0.10523242949544818,0.11565506227789246,1.0167762272677237,0.008302400000000043,135.29299999959767,-0.002404501062804213,0.7963846379629874,0.9198535454545455,268
824,3.4745809141025643,0.04409859460693664,0.6975950531622508,1.2679145656907718,0.18830037,439.5616000001319,0.00021737571006444242,0.8301911218848711,0.21250224675324675,0.1050973267622152,0.06857453576940964,1.0118051736522258,0.00825089999999995,135.3410000000149,-0.002399655021428647,0.7963846379629874,0.9197789999999999,267
825,3.4750190102564105,0.04437872882569205,0.671468770552039,1.2632313466295317,0.18843531999999996,439.7878999998793,0.00021962689670177116,0.8301911218848711,0.21083436883116885,0.1039498888680534,0.1399569118185333,1.030083793034493,0.008190399999999931,135.15340000018477,-0.002374256627017452,0.8011615612274843,0.9195401818181818,266
826,3.4740793792207794,0.042858199557971155,0.7493650643603749,1.2723717164008737,0.18837105999999992,439.98710000002757,0.0002653642889172823,0.8319559162791712,0.21912539686520377,0.11396236043327955,0.1889732218523652,1.0602762084942654,0.008789049999999965,140.24040000000969,-0.002502248229157162,0.7950455600777633,0.9193701818181819,265
827,3.4746552129870127,0.04322304201836267,0.7375575538361243,1.270151437930043,0.18841677999999995,440.127400000114,0.00026818090621163,0.8319559162791712,0.22078963474025967,0.11068308310145128,0.07251461807232262,1.0102585607462191,0.008575099999999947,135.39450000040233,-0.0025280698212148873,0.8011615612274843,0.919178,264
828,3.4749169844155836,0.04341604848383612,0.7318652512175703,1.2694798370858686,0.18836295999999997,440.119099999778,0.00026965643404837245,0.8308278651433363,0.21303311006493503,0.10448378272589305,0.05829354304158452,1.0010581180106939,0.008283650000000087,135.38479999965057,-0.002388718918134429,0.8011615612274843,0.9190140909090909,263
829,3.4736577776315802,0.04172050394529641,0.7699875006367356,1.2686281507753578,0.18682462,435.1313000000082,0.0002580950618206484,0.8351865519121711,0.2173522399350649,0.10841549200735091,0.11905994142321319,1.0218094454287205,0.008433359999999945,135.3440999998711,-0.002474866316271989,0.7963846379629874,0.9188283636363636,262
830,3.4739944789473687,0.04198728472874397,0.758958851481264,1.2678111233413178,0.187357,435.65480000013486,0.0002602040749677367,0.8423678948159,0.2126268487012987,0.104716156289229,0.06321522943945634,1.0093524879178726,0.008276380000000083,135.34589999960735,-0.0023921079091953376,0.7963846379629874,0.9187133636363635,261
831,3.4742804236842098,0.042186320217558304,0.7460770306533906,1.2648995696783019,0.18726998000000006,435.5103000001982,0.0002620140830637234,0.8423678948159,0.21398904642857144,0.10560375052522467,0.09894093374977553,1.016588363632994,0.008324159999999914,135.34040000010282,-0.0024116914314126054,0.8011615612274843,0.9185201818181817,260
832,3.474614086842105,0.04241676632974071,0.7439400035873165,1.2671119101472452,0.18723137,435.46790000004694,0.0002639063799941324,0.8385550108576,0.212398836038961,0.10408783487288817,0.02777494899831101,0.9936096441933219,0.008270139999999926,135.29369999980554,-0.0023825181630933766,0.8011615612274843,0.9182568181818181,259
833,3.4749580684210524,0.04266196255367603,0.7391466268949429,1.2685645416821176,0.18733042,435.5391000001691,0.00026564474811377974,0.8351865519121711,0.210288561038961,0.10241381353259742,0.039709790419149016,0.9953866631010961,0.008197849999999951,135.32789999991655,-0.002344650790027735,0.8011615612274843,0.9180465454545453,258
834,3.47542294736842,0.04305089431903121,0.7272179043529956,1.265837096697783,0.18749136,435.83869999973103,0.0002689984632733091,0.8402775991169559,0.22275367857142858,0.11265268965050278,0.12174628879301119,1.0253077053111899,0.00863501000000011,135.23679999960586,-0.0025713694618156044,0.7963846379629874,0.9178350909090909,257
835,3.4756296197368415,0.04314262038389422,0.724111231387961,1.2683216383611178,0.18732208000000006,435.5990000003949,0.0002699202709930248,0.8325165618678091,0.2209616720779221,0.11099930440875079,0.11428706319468507,1.022174483101053,0.008601209999999915,135.23309999983758,-0.002535208922988609,0.7963846379629874,0.917692818181818,256
836,3.4759590236842106,0.04333094679408966,0.6581170880178728,1.2519183028330607,0.1926407200000001,435.65800000028685,0.00021280256990737815,0.8402775991169559,0.21868076590909089,0.10924345094213518,0.04761415462795293,1.0001852352639249,0.008518529999999913,135.36109999986365,-0.0024976691529545454,0.8011615612274843,0.9175399090909091,255
837,3.476179155263158,0.04348558895766243,0.6505388884375396,1.251436683542046,0.19242251,435.40769999986514,0.00021418238426214846,0.8400218841916387,0.21757088019480514,0.10835372338523254,0.09640067079733639,1.0190448342270895,0.008463789999999971,135.2705999999307,-0.0024752382345312155,0.7963846379629874,0.9173286363636364,254
838,3.4766154144736845,0.043845474201499084,0.6251806124964308,1.2463784038003543,0.19219231000000003,435.4340999997221,0.00021698169485920044,0.8435043915484409,0.21490589415584407,0.10631640829586994,0.06835586340906419,1.00780818678317,0.008369240000000056,135.28539999993518,-0.0024310051659441746,0.8011615612274843,0.9171015454545455,253
839,3.4769571513157893,0.04403177211885827,0.6035347628581591,1.2417249431417985,0.19274788999999992,435.75820000004023,0.00021902620358345577,0.8474148291412164,0.2137028831168831,0.10485057836450698,0.06640622159917697,1.0017907075272159,0.008311530000000067,135.30340000009164,-0.0023989051458375163,0.8011615612274843,0.9169283636363637,252
840,3.4773415552631577,0.04428377553910052,0.6006745639969315,1.24340547834825,0.19227874,435.4702000003308,0.00022080120545857394,0.8492561919562214,0.21189924025974025,0.10334805442644869,0.019756720053164756,0.9897382722229066,0.008257219999999954,135.3654999998398,-0.0023655532640346234,0.7837286508104476,0.916735818181818,251
841,3.4779636934210525,0.04467571694949981,0.576017973129074,1.2389847886513647,0.19248122,435.82429999951273,0.000224053909230038,0.8381366592860923,0.20997199090909088,0.10205839720264566,0.06753395756206793,1.004500005272776,0.008169960000000032,135.18619999988005,-0.0023362769964376234,0.7963846379629874,0.9165372727272727,250
842,3.4752769945945943,0.04118503203438592,0.718449395688765,1.2515780209964238,0.1913835399999999,431.2064000000246,0.0002583004579439162,0.8257352824976175,0.22154233668831164,0.11095641190418817,0.07928675069871272,1.0097448087408012,0.008621820000000113,135.25600000005215,-0.0025369570646751683,0.8011615612274843,0.9162909090909089,249
843,3.47571462027027,0.04146945177380898,0.708607482177789,1.2512107101077476,0.1914078600000001,431.21639999980107,0.0002607684144841871,0.8218811980610563,0.21497405097402594,0.10578257787445276,0.06072005494096633,0.9979518391741062,0.008383489999999938,135.33110000006855,-0.0024218906273797756,0.8011615612274843,0.9161216363636363,248
844,3.4760978297297305,0.04180634180840622,0.702239571970567,1.2513951542609283,0.19111113999999996,431.25659999996424,0.0002633638813218179,0.8305240343931731,0.2171706412337662,0.10742707112325088,0.018510343607768487,0.9938509723888653,0.008450429999999898,135.27820000005886,-0.0024587634218829544,0.8011615612274843,0.915924,247
845,3.476352736486487,0.04198583660485371,0.6945562854655489,1.251422522355951,0.1909701199999999,431.14419999998063,0.00026494595731310167,0.8384184859060723,0.2159902016233766,0.10673719977441656,0.05025161488019236,0.9978072818114284,0.008407940000000003,135.33290000027046,-0.002441852220918705,0.8011615612274843,0.9156808181818181,246
846,3.476786131081081,0.04231571002861712,0.6780745521191007,1.2490368571470443,0.19123382,431.3829999999143,0.0002677206202928559,0.8132911059423663,0.21339510097402598,0.10470806322010005,0.10007733475621938,1.0167631784912248,0.008317579999999936,135.26510000042617,-0.002392133594657002,0.8011615612274843,0.915514,245
847,3.477138541891892,0.04261570887783691,0.6718374312486182,1.248942474334617,0.19136846000000007,431.48059999989346,0.00027037933830425555,0.8158184730076707,0.21182963376623376,0.10290670748189974,0.03460802342290448,0.9883592759916652,0.008251470000000038,135.25349999964237,-0.002359372740019145,0.8011615612274843,0.9153338181818181,244
848,3.4773957445945953,0.04277772475144889,0.6672388918767287,1.248520270149848,0.19108880000000006,431.15219999989495,0.0002718746906162293,0.8292706404856989,0.22006258213166144,0.11317879971996911,0.09060465116182437,1.0214061376372605,0.008882139999999983,140.20349999982864,-0.0024961429080386133,0.7950455600777633,0.9150849999999998,243
849,3.4777327621621623,0.04307086760965481,0.6644154122387489,1.2487670629251777,0.19116215999999997,431.2720999997109,0.0002742076974144355,0.8170924461655007,0.22243249058441558,0.1117978627455851,0.08727042367923588,1.012763619016361,0.008660539999999939,135.3713000002317,-0.0025531152259356572,0.8011615612274843,0.9148641818181817,242
850,3.4765669232876713,0.04147125607243434,0.7034472284762634,1.2461759372293428,0.18908082999999998,426.05120000010356,0.00026300181383977987,0.825745660576313,0.22059525292207788,0.1105321282088112,0.10023568215261536,1.0125691675662691,0.008551779999999898,135.37240000022575,-0.0025252934285159997,0.7963846379629874,0.9145271818181818,241
851,3.476869431506849,0.041774737176448584,0.6866729997493257,1.2472341889122085,0.18964767999999999,426.56179999979213,0.00026530489561929125,0.8194448550699537,0.21678097272727273,0.10803353664058983,0.12657631561291316,1.0201842082840444,0.008421879999999993,135.28719999967143,-0.0024674964676893053,0.8011615612274843,0.9144429999999999,240
852,3.4770853465753424,0.04196472467448466,0.6884848417797755,1.2491480651595268,0.18982321000000002,426.7164999996312,0.0002669845891143626,0.8241558070706666,0.21592500584415583,0.10692547925658574,0.02174377961710139,0.9924250779549173,0.008381940000000032,135.29900000011548,-0.002447390922412659,0.7963846379629874,0.9142550909090909,239
853,3.4774604273972605,0.04223672528550398,0.6778723483518982,1.2483289210482207,0.18956154999999997,426.53679999988526,0.000269560186617048,0.8187151110778083,0.21357125844155847,0.10489034777607636,0.030237631424415046,0.9851418101358609,0.0083196499999999,135.42610000027344,-0.0024029436987605462,0.7963846379629874,0.9140347272727272,238
854,3.4779721315068493,0.04262689324641608,0.668368616048737,1.248198284460513,0.1898877,426.9495000001043,0.00027270567576887005,0.8208913093397225,0.2110927948051948,0.10316311071186303,0.05516164248507316,1.0024685526052322,0.008229719999999885,135.40080000041053,-0.0023574965639231817,0.7963846379629874,0.9138614545454544,237
855,3.4784899342465754,0.04300294767353881,0.6550969281465822,1.2474395286818354,0.18965262000000005,426.8797999997623,0.0002759489075134054,0.8204913179910522,0.22318494285714283,0.1128164088178574,0.09984631027994784,1.0183791883958384,0.008663520000000036,135.36680000042543,-0.0025751317756167445,0.8011615612274843,0.9135985454545454,236
856,3.4771837777777774,0.04120277893478879,0.710997688332399,1.2474971258559133,0.18815284999999993,421.85859999991953,0.00026245231448756976,0.8184560156825084,0.22186685357142857,0.11136291007192373,0.05129080763133409,1.0034797585029598,0.008606319999999945,135.42860000021756,-0.0025439036822473863,0.8011615612274843,0.9134043636363637,235
857,3.477615869444444,0.04150600322307582,0.7000841620110614,1.2469094206272484,0.18832254000000004,422.0220999997109,0.00026525378812969976,0.8184560156825084,0.2196581542207792,0.10938563999374873,0.017961212120007897,0.9945263589393099,0.008538080000000003,135.3458000002429,-0.0025024216734485768,0.7963846379629874,0.9131599999999999,234
858,3.477959275,0.04174795772987154,0.6833805508227129,1.2454729545625707,0.18843389,422.098300000187,0.0002675222449635156,0.8196624037027763,0.2179697224025974,0.10844569969514571,0.017866361672119524,0.9924879482579458,0.008466100000000032,135.3908999999985,-0.0024806151902455296,0.8011615612274843,0.9129742727272727,233
859,3.4783933166666667,0.04201931127083369,0.6770920862765477,1.2455645855715227,0.18804145000000005,421.78269999986514,0.000269862559892921,0.8196624037027763,0.21607722597402595,0.10695194131005775,0.06146864770027172,0.9988911952558961,0.008399440000000036,135.25490000005811,-0.002448856609308311,0.7963846379629874,0.9128169999999999,232
860,3.4788358861111113,0.042365512960297065,0.6638488804468419,1.2446550707802868,0.18793380999999998,421.8064000001177,0.00027307629730610245,0.8216904023447634,0.21381581363636357,0.104763505249287,0.024083438232912258,0.9833646786190945,0.008308710000000108,135.32700000004843,-0.002401806720661973,0.8011615612274843,0.9125253636363636,231
861,3.4778286774647884,0.04081445591679216,0.7111486944294034,1.2449720928989845,0.10567844000000004,351.3002999997698,0.00033740925450848367,0.8217687881341039,0.214997605050505,0.10176264718604083,-0.08674535575859732,0.9427518681301753,0.008063880000000023,130.26239999989048,-0.0024284315044644403,0.8031149496957981,0.9122383636363636,230
862,3.4766831714285718,0.03894831243380756,0.6432600316129649,1.217677173738702,0.10416614999999996,346.33740000007674,0.0003259397177360743,0.8353312184581344,0.22301544675324672,0.11221792676445463,0.0796227529713418,1.0085738911488389,0.008657009999999854,135.4468999998644,-0.002562080203017995,0.8011615612274843,0.9120766363636363,229
863,3.476949422857143,0.03921804124514438,0.6471722578258174,1.2202907150673399,0.10413289000000003,346.23150000022724,0.0003283439124354637,0.8353312184581344,0.22140087077922077,0.11071442286509235,0.07191313529916421,1.0028991978782338,0.008584570000000014,135.32649999996647,-0.0025326726314688387,0.7963846379629874,0.9117460909090909,228
864,3.477338224285714,0.03957987242645713,0.6573418720701318,1.2232672170193593,0.10413426000000003,346.23279999988154,0.0003315021051043362,0.8353312184581344,0.21848061136363636,0.10849386329549367,0.013784175476119653,0.9884791228372037,0.008482219999999985,135.30970000009984,-0.0024850494112829903,0.8011615612274843,0.9115238181818182,227
865,3.4776200842857152,0.03981680785638959,0.6701887560716591,1.229432396853699,0.10412180999999998,346.18800000008196,0.0003335609022883463,0.8295989105407381,0.21681702305194803,0.10739718690232457,0.032338281517878986,0.9956043581606391,0.008416949999999979,135.27490000007674,-0.0024587898107043585,0.8011615612274843,0.9113538181818182,226
866,3.477878762857143,0.040052218214400644,0.6722194094995624,1.23048509063592,0.10406536,346.00159999961033,0.0003358680779091378,0.8295989105407381,0.21575896688311683,0.10659489634804542,0.02504761816220702,0.9904923973883,0.008362289999999994,135.2672999999486,-0.0024411493568260406,0.8011615612274843,0.9111618181818181,225
867,3.4782671400000003,0.04047479117077082,0.6840932218076192,1.2360092673297896,0.10408527000000001,346.1063000001013,0.0003394767365833704,0.8255651233320143,0.21658367205387205,0.1037051210520087,-0.017261996713301198,0.9722788597407976,0.00811333000000003,130.24159999983385,-0.002467161194077854,0.798161103347431,0.9108814545454544,224
868,3.4787481685714288,0.040806082870772954,0.6656532353103377,1.234371217745309,0.19029801999999996,416.0879999999888,0.00026428653108972734,0.8286762182630193,0.213578537037037,0.1013918065676614,-0.05249211311835955,0.9587880933836631,0.008008540000000064,130.30530000012368,-0.002415158075198472,0.8031149496957981,0.9106542727272726,223
869,3.47912908,0.04113190167910189,0.6437985199545406,1.230076356328575,0.19092584,416.6016000001691,0.00026707106158058917,0.8300565749999922,0.22076291363636366,0.1105323249813456,-0.0007216741110682712,0.9872799255301042,0.008581339999999993,135.3002000004053,-0.0025309497162307472,0.7963846379629874,0.9104514545454545,222
870,3.47950787,0.0414456180615079,0.6273069343712789,1.2278532715919896,0.19153105999999998,417.07260000007227,0.0002700982172168636,0.8319268136815785,0.21862669025974027,0.1089737370822741,-0.005521726066751942,0.9847029872914482,0.008492530000000054,135.26270000031218,-0.002497213450702594,0.8011615612274843,0.9102161818181818,221
871,3.479931664285714,0.0418171105008396,0.612396715520009,1.2283447617481682,0.19180816999999994,417.4643000001088,0.0002733186856268823,0.830056574999992,0.21562537922077923,0.10720951997280766,0.08693715410107394,1.007410259671677,0.008380059999999911,135.32409999985248,-0.0024517210194845056,0.7963846379629874,0.909948909090909,220
872,3.4787555086956523,0.04019916977463127,0.6660234558606657,1.2279469035092656,0.10267621000000005,341.43599999975413,0.00034142459849367747,0.8357146751152148,0.21289763474025974,0.10483794908997937,0.03182611796326995,0.9921040698548649,0.008280509999999963,135.32660000026226,-0.0024006560705221607,0.7963846379629874,0.9097191818181818,219
873,3.48062155,0.04233596753286716,0.5888537761255352,1.2251213483584764,0.19186091000000005,417.4320000000298,0.00027836328426465045,0.830056574999992,0.21572155218855218,0.10361091391594511,0.02581031083885188,0.9817075576158896,0.008080250000000011,130.37669999990612,-0.0024610441760900183,0.8031149496957981,0.9094636363636364,218
874,3.4794817434782614,0.04076356210801102,0.6432065528747053,1.2275256428479027,0.19090247000000005,413.08339999988675,0.00026612426716974863,0.8341582747290142,0.2226761126623376,0.11256769526737244,0.06848335122863247,0.9996507700468537,0.008648340000000032,135.41820000018924,-0.002574889074386346,0.8011615612274843,0.9092467272727272,217
875,3.479938128985507,0.041053788325665634,0.6269308429866687,1.2256005645593127,0.19070076999999996,412.8493999997154,0.00026890556393127527,0.831640595382368,0.22070215389610384,0.1106048536594016,0.09047765573215516,1.006779068299599,0.008592669999999969,135.41969999996945,-0.0025266799707309847,0.7837286508104476,0.9089659545454545,216
876,3.480434660869565,0.041444503156057015,0.6111241134137417,1.2242417496762465,0.19073932999999998,412.9857000000775,0.0002726197588051611,0.8344558354418918,0.21789156915584415,0.10878036558904203,0.03514182923127018,0.9961690523956354,0.008465529999999943,135.33590000029653,-0.00248827503573407,0.8011615612274843,0.9087112272727271,215
877,3.4808335333333327,0.04174716368599778,0.5968558278827425,1.2243223937455658,0.19085092000000003,413.1410000002943,0.00027547480127975153,0.827763672153211,0.21574436948051945,0.10661753791733411,-0.02357563512345795,0.9785453704460167,0.008380890000000085,135.3534999997355,-0.002442909518204632,0.7963846379629874,0.9084863545454545,214
878,3.4811930246376814,0.042019853916873795,0.5881351022638808,1.2224594332127718,0.19091831999999997,413.16250000009313,0.00027810029336776,0.8352017897385857,0.21826255656565655,0.1046962498570994,-0.08236405068251917,0.9460516583985864,0.008172929999999967,130.340799999889,-0.002495455407758648,0.8031149496957981,0.9082621909090909,213
879,3.4818709231884064,0.042509497774591336,0.5718767862236347,1.2209317417616596,0.19065028000000006,413.14300000015646,0.00028249793831038316,0.8344558354418918,0.21467034444444438,0.10186868535151139,-0.09439541794631934,0.9378855777322873,0.008043880000000003,130.32409999985248,-0.0024310520023057935,0.8031149496957981,0.9079530545454545,212
880,3.480661644117647,0.04080908004785642,0.6343873238330251,1.2243714197772653,0.18897127999999996,408.0065000001341,0.0002692103009337796,0.8285926730877129,0.22326190454545453,0.11267804608685507,0.05364542974283015,1.004313699202662,0.008652389999999954,135.3253000001423,-0.0025760615493191997,0.8011615612274843,0.9077248818181818,211
881,3.4810656117647056,0.041106530480468084,0.6247709952862674,1.2244315429332848,0.18858171,407.7231999998912,0.00027201669202513607,0.8308198553950602,0.22055212110389608,0.11048105773957632,0.020574273546182464,0.9902084953969361,0.00855917000000006,135.2463000002317,-0.002531086635565267,0.7963846379629874,0.9073865999999999,210
882,3.481695501470588,0.041569221331454256,0.6011709372897522,1.2213445894123574,0.18910342000000002,408.31930000009015,0.0002763544201450233,0.8310800692993792,0.21666396103896104,0.10696534497680475,-0.011413676941557593,0.9760535721879652,0.008427199999999968,135.32019999995828,-0.002453032260298214,0.8011615612274843,0.9071429181818181,209
883,3.480655676119403,0.040031063326474464,0.6352248629921906,1.2179404048312195,0.09957165000000001,331.31050000013784,0.00035088305290750186,0.8071194896507717,0.2133014659090909,0.10487170669423798,-0.03158376227760229,0.9734708466574443,0.008301850000000055,135.3448999999091,-0.0024040554873434564,0.7963846379629874,0.9068507,208
884,3.479634372727272,0.03838332316521589,0.5870067660868914,1.1982072158879338,0.09815072999999996,326.6490000002086,0.0003403987585050611,0.8190229210455867,0.22361214188311682,0.11307835603253813,0.06390175619525928,1.003524564389181,0.008699060000000092,135.49720000009984,-0.002582902282926292,0.7963846379629874,0.9066094636363636,207
885,3.48008788030303,0.038642678225606464,0.5891017449859013,1.2008362972388003,0.09808676999999999,326.431599999778,0.00034304724389694753,0.817050807714479,0.22201767467532468,0.11185502951887451,0.009562099426153825,0.9915050322255683,0.00862473000000008,135.46330000041053,-0.002557028861290856,0.7963846379629874,0.9062836363636363,206
886,3.4805324287878787,0.03902831450561054,0.5966745856827371,1.2026309982216246,0.09809345000000003,326.4553999998607,0.00034660018898743363,0.8203389807040607,0.21979046948051945,0.11000289891429324,0.03892901956283623,0.9951225472522194,0.008551060000000055,135.50450000027195,-0.0025135040569569276,0.7963846379629874,0.9060848272727272,205
887,3.4810493196969703,0.039397488284911755,0.6082561453952717,1.2083319965426262,0.09803830999999996,326.2705000001006,0.0003502381553655212,0.8150242342083289,0.2172017331168831,0.10777899776913076,0.021164975980945577,0.9914795772533093,0.008446520000000013,135.4002999998629,-0.0024661863127057853,0.7963846379629874,0.9057670272727272,204
888,3.4815305227272733,0.03977842036659032,0.6101577893853776,1.210115588118701,0.09801132000000001,326.2048999997787,0.00035389597233188516,0.8140456211865058,0.2189309878787879,0.10509207838423994,-0.060323354522295425,0.9539116493660592,0.008205420000000019,130.31279999995604,-0.0025043136310210854,0.8031149496957981,0.9054343818181818,203
889,3.4804176092307695,0.03804149060259619,0.5617271296355595,1.1896995480161288,0.09651732000000002,321.31620000023395,0.000342929506612096,0.8215844608148989,0.2190912847402597,0.1093534407799156,0.03421457664857375,0.994436752457101,0.008516909999999989,135.3135000001639,-0.0025030741566408774,0.7963846379629874,0.9051896727272727,202
890,3.481029941538462,0.03849615088667509,0.5730569394922904,1.1931550399638622,0.09650082000000004,321.24959999974817,0.0003472606836176746,0.8250851020348859,0.22278930194805188,0.11233831957066068,0.03224827232094585,0.9927470720041739,0.008657939999999975,135.37929999968037,-0.0025708319832015844,0.8011615612274843,0.904948009090909,201
891,3.4816140615384614,0.03895399734331147,0.5796074814183281,1.1962380774325068,0.09654193999999994,321.3916000002064,0.0003515647886864118,0.8264214087650288,0.22005155519480515,0.10963346237687624,-0.002462466647375372,0.9833098832444183,0.008554390000000023,135.37129999976605,-0.002510375354690191,0.7963846379629874,0.9046198545454545,200
892,3.4822241815384607,0.03944673177341856,0.5878309404605648,1.199725430310268,0.09652512999999996,321.3299000002444,0.00035617905766827064,0.8243636572049379,0.21622296493506496,0.10665855934769612,-0.026464475014940092,0.9731013267917515,0.00843179999999999,135.42680000001565,-0.0024449186636715287,0.8011615612274843,0.9042831999999998,199
893,3.4828289630769236,0.03983585938885092,0.5998927942938894,1.2059750774615166,0.09646326999999999,321.1213000002317,0.0003602339298981088,0.8180322414589177,0.21392271915584413,0.1045498275152618,-0.0183487430399909,0.9718511403992807,0.008339050000000015,135.39380000019446,-0.002397704866769207,0.7963846379629874,0.903994818181818,198
894,3.4819047140625,0.03816002385633207,0.5603339770897371,1.1882167381850521,0.09500396,316.34599999990314,0.00034951045505608746,0.8252443094092985,0.220541648275862,0.11346417780946522,0.07674430143085154,1.0084267860848752,0.008896359999999937,140.48700000019744,-0.0025023805215777456,0.8072651338802155,0.9036473818181818,197
895,3.4825201015625,0.03859056532144518,0.5618725935144617,1.1897774122067382,0.09497487999999998,316.2730000000447,0.00035383515704639714,0.8241711968127451,0.22226090876623375,0.11064327049099365,-0.0336209435766075,0.9706346294848943,0.00864702000000006,135.40010000020266,-0.002536739195575867,0.7963846379629874,0.9034112363636363,196
896,3.4831213609375,0.03911461871918856,0.5755218211980613,1.1933815314433267,0.09502160999999998,316.41399999987334,0.0003587754084355514,0.8280745273958408,0.2192816279220779,0.10904478532824766,0.030901630357068832,0.9882572035106737,0.00852388000000004,135.3947999998927,-0.0024966300599915964,0.7885055740749445,0.9030827636363635,195
897,3.4836091109375,0.03952876018034157,0.583128406088012,1.1994246953901053,0.09498251000000002,316.2856000000611,0.00036285207968186407,0.8186981203513072,0.21557578993506493,0.1057547152021385,-0.03024233310147073,0.9657780737178304,0.008410630000000086,135.4452999997884,-0.0024264676845893373,0.8138175483800243,0.9027819727272727,194
898,3.4839399453124997,0.0398707077281449,0.5880892982465964,1.2003627558805858,0.09496415000000002,316.2478000000119,0.0003662985654398599,0.82316200213399,0.2178590811447811,0.10403414575082616,-0.03793989363691086,0.9571358142415456,0.008173470000000016,130.3800000003539,-0.002477308653666348,0.8031149496957981,0.902443909090909,193
899,3.482956761904762,0.03815402224711098,0.5443275308953126,1.180867175293072,0.09343248999999998,311.2351000001654,0.000355384673191388,0.8120656497568454,0.22433709837662338,0.11284909791493312,0.008004897512239317,0.9807722485181006,0.008731730000000049,135.4934999998659,-0.0025842343883839907,0.7963846379629874,0.902126809090909,192
900,3.48381163968254,0.0387349821528523,0.5527850585676317,1.1859776845389605,0.09348493999999996,311.3878000001423,0.00036090818016597454,0.8254796891684297,0.2206101409090909,0.10979971527469792,-0.04007412956754797,0.9709248209693542,0.00858932999999995,135.42249999986961,-0.0025161706823304732,0.7963846379629874,0.9018106363636363,191
901,3.4844860714285715,0.03922194991843228,0.5619019968261143,1.189427681736962,0.09343207000000009,311.188300000038,0.0003661378670894652,0.8176334794190406,0.21798778246753245,0.10734228860729228,-0.05537050315988168,0.9586531846968275,0.008480309999999935,135.39140000008047,-0.0024644303386945196,0.8011615612274843,0.9014241818181817,190
902,3.4833777500000003,0.03745553057109038,0.516888841995133,1.1661838753389133,0.09190540999999997,306.2013999996707,0.0003544368854027711,0.8143230393971492,0.2189775373737374,0.10367774059890628,-0.1264639361197304,0.9247276857812607,0.008207140000000002,130.2974000000395,-0.00247830804232706,0.8031149496957981,0.9011140727272726,189
903,3.4839042645161284,0.037862177114471006,0.5333467539563035,1.171735854210807,0.0918774,306.1388999996707,0.00035868618465549173,0.812922072663935,0.2162521148148148,0.1026158666510517,-0.08546185614863822,0.9470291437296734,0.008099250000000002,130.285800000187,-0.0024466640032058088,0.8031149496957981,0.9008535454545453,188
904,3.4845760516129034,0.038367006874459625,0.5344003387643865,1.1756944115120682,0.09189318999999996,306.2159000001848,0.0003636160156536366,0.8053925150086041,0.22250213344155842,0.11095538544207571,-0.015122025082730861,0.9781021109978401,0.008646730000000047,135.27410000003874,-0.002544170258986468,0.7963846379629874,0.9005391636363635,187
905,3.485298729032258,0.03897783369846729,0.5512268858044047,1.1841670810094131,0.09195942000000001,306.37810000032187,0.0003695146589527679,0.7952304723124585,0.22227663051948052,0.11086918014112283,-0.0052186335390929095,0.9745393856120375,0.00864238000000006,135.29779999982566,-0.0025441291697058436,0.7963846379629874,0.9002132272727272,186
906,3.484144126229508,0.03719146832922348,0.5073226581255335,1.1601420619840122,0.09040534,301.2933999998495,0.0003575958794920276,0.8202475141593837,0.21568616266233764,0.10542151874281587,-0.05465045104291466,0.9559402966721618,0.00838714000000007,135.347500000149,-0.0024231248082685016,0.8138175483800243,0.8998584727272727,185
907,3.4847828508196725,0.03765960537183319,0.5157661617879086,1.1657187780042888,0.09039909000000002,301.2664999999106,0.0003624294661366587,0.8117668443211877,0.22669253409090903,0.11396928301096991,-0.06995649517622882,0.9631128110099432,0.008806699999999945,135.3678999999538,-0.0026150453845454323,0.7963846379629874,0.8994779272727271,184
908,3.4855597344262303,0.03823607791618138,0.5168557990233982,1.171538394193644,0.09038305000000002,301.2172999996692,0.000368467337257833,0.8012395453120352,0.22300767922077921,0.11111316131840462,-0.03190610560178264,0.9697467168790873,0.008659360000000005,135.30819999985397,-0.0025500491306630992,0.7963846379629874,0.8991633727272726,183
909,3.4862101704918036,0.03878298695275353,0.5341417685246723,1.1736631876895294,0.09043234,301.3859999999404,0.0003735611955212628,0.8069698553945378,0.2189689081168831,0.10796854019206628,-0.06210675557170031,0.9561409912324311,0.008529659999999994,135.29930000007153,-0.0024814084848170746,0.8138175483800243,0.8987554636363635,182
910,3.4868416327868856,0.03924367512752309,0.5427661365012915,1.1805115511893318,0.09037167000000002,301.1892000003718,0.00037899643118066066,0.8025295229084486,0.21589048798701296,0.10544132154374697,-0.07346093176940638,0.9507118821314382,0.008415819999999963,135.3304999996908,-0.0024244295355331344,0.7837286508104476,0.8984716909090908,181
911,3.485828531666667,0.0374788267854133,0.5035271739108609,1.1585309059900268,0.0888502000000001,296.216599999927,0.00036694407754001685,0.8147033442116058,0.21315697402597397,0.1037123499485514,-0.07828563801683242,0.9477599864794807,0.008291480000000018,135.30680000036955,-0.0023859176184431166,0.8138175483800243,0.8980895727272727,180
912,3.486601466666667,0.03806378291397561,0.5084584640199843,1.1622451603452377,0.08882999000000003,296.1631000000052,0.00037322514893482067,0.8105606849737076,0.22385206818181813,0.11140190892516441,-0.04418662688543229,0.9650232695749279,0.008688750000000023,135.31039999984205,-0.0025574904753918794,0.7963846379629874,0.8977402363636363,179
913,3.4873725566666662,0.03861238321210918,0.5184519415700377,1.1674780844082648,0.08884537000000003,296.2023999998346,0.000378759180364533,0.8127899158304727,0.21967739415584417,0.10814176049440069,-0.05155190992221126,0.9554386126472899,0.008541580000000049,135.29369999980554,-0.00248605731000545,0.7963846379629874,0.8973534545454545,178
914,3.4861742000000007,0.036785518167419054,0.48129524292587256,1.145290536090108,0.08727257999999993,291.05580000020564,0.0003665505069705864,0.7891688101116177,0.21677698961038958,0.10615759891125455,-0.07216546928785439,0.950455353246537,0.008437939999999977,135.32209999999031,-0.002441910943039271,0.8090406251155273,0.8970087181818182,177
915,3.486923176271186,0.037315899564756776,0.4905213670925681,1.1505743769504482,0.08729619,291.12390000000596,0.0003719882612213307,0.8154271631785123,0.22319292476489025,0.1146831607965921,-0.004680863476062225,0.9846738804584524,0.008983430000000014,140.28349999990314,-0.0025382307316409083,0.8072651338802155,0.8966326727272727,176
916,3.4877168576271185,0.03790735610151824,0.4968125143485036,1.1554344543604524,0.08729391999999991,291.11659999983385,0.0003783641989146945,0.8062541949046456,0.223654699025974,0.11115413736362696,-0.07839025068300387,0.9547724161372881,0.008690539999999913,135.2042000000365,-0.002556342669231488,0.8138175483800243,0.8962427454545454,175
917,3.488482208474576,0.038503934013567144,0.5069402331640926,1.161932521540951,0.08728986999999999,291.1087000002153,0.0003848337256383899,0.8133551457472123,0.22016714025974024,0.10832781046295163,-0.05771673181762349,0.9558059790270331,0.008547670000000007,135.21009999979287,-0.002491438558119729,0.8011615612274843,0.8958556999999999,174
918,3.4874306741379306,0.03677581273723338,0.47851114297518516,1.1404273161546994,0.08579497999999997,286.20550000015646,0.0003728303574319751,0.7963169794655366,0.21593081006493506,0.10511365357534624,-0.14283615753911505,0.9277599045652293,0.008398649999999952,135.2445000000298,-0.0024230360580088203,0.8138175483800243,0.8955305272727272,173
919,3.48826890862069,0.03733165847762828,0.48554474325657937,1.1502371372166371,0.08579981000000003,286.2436999999918,0.000378637636250098,0.8009911531614788,0.2263772402597402,0.11350321548430246,-0.06893937767102853,0.9580380977269346,0.008784110000000012,135.3047000002116,-0.0026074605956471417,0.8011615612274843,0.8951583272727272,172
920,3.48898115,0.03790608274317884,0.48832687710582867,1.1475871608513672,0.08577942999999999,286.1529000001028,0.00038508065910550015,0.7943159569498089,0.22494327142857137,0.11196741560564745,-0.03694817201461209,0.9647073549125772,0.00875579999999998,135.37759999977425,-0.0025702981757762693,0.8138175483800243,0.8947867181818181,171
921,3.4896719051724143,0.038372256024059075,0.500044888725899,1.1545330774532314,0.08573925999999998,286.0378999998793,0.0003904365631364437,0.7899640861170537,0.2198432668831169,0.10846931702394268,-0.04162626533920388,0.9617264869771351,0.008533710000000028,135.22659999970347,-0.0024937769479339116,0.8011615612274843,0.8943629818181817,170
922,3.4885640228070174,0.03661574375685772,0.4616967578118669,1.1308531877273234,0.08418566000000005,280.97910000011325,0.0003782140584656657,0.8056906346304443,0.22035950168350166,0.10491994522295348,-0.12448475235706358,0.9233832147007821,0.008240340000000068,130.23600000003353,-0.002509959787328964,0.798161103347431,0.8939893636363636,169
923,3.489504278947368,0.037328913513295835,0.47589517083088984,1.138713982983751,0.08425998999999995,281.18470000009984,0.0003856291341696158,0.7961958078206527,0.22497199837662338,0.11250147316187208,-0.03499717041138295,0.9646337399113053,0.00874417999999999,135.28839999996126,-0.0025838875171021016,0.8011615612274843,0.8936481,168
924,3.4902716894736847,0.03791476767617206,0.4802149803359037,1.143001247355152,0.08426243,281.2223999998532,0.00039221009438530067,0.7961958078206527,0.2208375201298701,0.10886722720626447,-0.10561720248664086,0.9440940330118314,0.008591410000000077,135.22349999984726,-0.0025060392047608917,0.8138175483800243,0.8931814545454545,167
925,3.4891384571428574,0.036150983441746144,0.44973518317407013,1.1209271710142152,0.08272278,276.1486999997869,0.00038001713890697844,0.8102250581203619,0.21743957857142854,0.10652215199029565,-0.010512503026722353,0.9668402402739672,0.00845879000000005,135.2764000003226,-0.0024469025519376028,0.8011615612274843,0.8927477454545454,166
926,3.490063933928571,0.03684255141635344,0.46008424623295197,1.1277566107710728,0.08275204000000003,276.23529999982566,0.0003876262616459163,0.8093059358619353,0.22333570564263322,0.11486748311587248,-0.020149441058257445,0.9804790207227203,0.008983069999999982,140.31369999982417,-0.002542958005182743,0.8072651338802155,0.892404809090909,165
927,3.4909478660714286,0.03742101132939415,0.46073304795526804,1.1317414178311107,0.08273816,276.23289999971166,0.00039434154441030144,0.8022136000141022,0.22328437012987012,0.11062691269102369,-0.10866500143995328,0.9414654366398593,0.008677360000000078,135.30830000014976,-0.0025461615521292095,0.8138175483800243,0.8920210636363636,164
928,3.4918386125,0.03805460662849955,0.472143594457469,1.1391312802188933,0.08274400000000004,276.21169999986887,0.000401510231137085,0.8011195798362578,0.21945248668831166,0.10763492618153697,-0.06432698143715809,0.9544012712505366,0.008522870000000071,135.2461000001058,-0.00247528958787407,0.8138175483800243,0.891588109090909,163
929,3.490881878181818,0.03638337241071702,0.44385735182500996,1.1132668226320168,0.08122437999999998,271.2678999998607,0.0003900775057507563,0.7797593615528582,0.22575699123376625,0.11259296392324111,-0.0659859806851184,0.9534155396322752,0.008763129999999952,135.34349999995902,-0.0025884909107435675,0.8011615612274843,0.8912058272727272,162
930,3.4917119836363635,0.03700348742655644,0.4515879376718024,1.1212977760944904,0.08122116999999995,271.2557000000961,0.0003973665807199165,0.8051738058082611,0.22502123766233767,0.11185863049393698,-0.06311517784071619,0.9542532797399353,0.00874888000000007,135.34290000004694,-0.0025706596600966144,0.8090406251155273,0.8908069636363636,161
931,3.492417452727273,0.03741448328835228,0.46307869072299157,1.1271037286737944,0.08116519,271.0616000001319,0.0004020690969591378,0.809310927250064,0.22140197694805194,0.10945222563402199,-0.06951360224357872,0.954091907786436,0.00862193,135.37140000006184,-0.002515084147001695,0.8090406251155273,0.8903429181818181,160
932,3.4914444333333337,0.03579078747805427,0.43368255576718706,1.1047844993937161,0.07966632000000007,266.14760000025854,0.0003910904734157158,0.7886658454288256,0.2167933948051948,0.10545283521292055,-0.08782648925550207,0.9426480813795967,0.008433930000000034,135.2952000000514,-0.0024276866625016214,0.8138175483800243,0.8899306181818181,159
933,3.492208272222222,0.036465567098454055,0.4346564967592581,1.1071178849237187,0.07968568999999992,266.2333999997936,0.0003986484142182357,0.7873850048368702,0.22687400194805193,0.11344230288918994,-0.04269492813715381,0.9583625447385705,0.00880884999999998,135.37119999993593,-0.0026051639107708023,0.7963846379629874,0.8895290454545455,158
934,3.4928861703703706,0.03695013399410753,0.4444249126850748,1.111757203149399,0.07966279999999992,266.1343999998644,0.0004044801804348639,0.7807745790729298,0.22316459707792208,0.11096796716883603,-0.045110605595048536,0.9595636578824138,0.00867033000000006,135.32849999982864,-0.0025487487184284925,0.7963846379629874,0.8891193454545453,157
935,3.4937281629629626,0.03762090753255348,0.4509725648779228,1.1211173393639506,0.07963085000000003,266.0559999998659,0.0004128878773675224,0.7771015733165181,0.218257473051948,0.10747739813798037,-0.061275260629019,0.951403523579702,0.008491389999999988,135.2952000000514,-0.002472271270001943,0.8011615612274843,0.8887101272727271,156
936,3.4925427981132082,0.035823291504923555,0.4253669090491532,1.0956252933708166,0.07812034999999995,261.0893000001088,0.0003989894495002545,0.7918135247829114,0.2183967962962963,0.1038078474281264,-0.16844961586552376,0.9120271588659385,0.008183359999999973,130.2897000000812,-0.002484803545607213,0.8031149496957981,0.8882851999999999,155
937,3.493430016981133,0.03645752061282962,0.43166815117265767,1.1003705613941681,0.07811296000000001,261.09230000013486,0.00040700867461774355,0.7918135247829114,0.22438481461038956,0.11196880928159421,-0.09008133641304417,0.9477656191300782,0.008723319999999979,135.28269999986514,-0.002575335525901799,0.8138175483800243,0.8878890999999999,154
938,3.4944105811320756,0.037113566106945814,0.43256944278626186,1.1057044122183965,0.07814622000000004,261.18539999984205,0.00041444527743837977,0.7855475594573992,0.21968346233766237,0.10847535386105908,-0.0828963716762301,0.9454035379189089,0.008548139999999926,135.28899999987334,-0.002496907935110318,0.8138175483800243,0.8874681363636363,153
939,3.493532344230769,0.035498771872047793,0.4197142120180093,1.085358047250206,0.07662504999999997,256.22420000005513,0.0004034319037730391,0.8012856830070569,0.21504853603896099,0.10486846638777908,-0.05730701142593997,0.9522171247716287,0.008368909999999952,135.27989999996498,-0.002412984311011812,0.7963846379629874,0.8870327454545455,152
940,3.4946234038461537,0.03613348155152634,0.4195146740499909,1.0860866359501424,0.07659720999999997,256.10650000022724,0.0004112801963450156,0.8017139806612679,0.2250202438311688,0.11204986289979325,-0.02636420318134336,0.9602333095634007,0.008753420000000012,135.30210000043735,-0.002575488761883073,0.8090406251155273,0.8865631727272726,151
941,3.495702886538462,0.03680900598860329,0.4215782504329555,1.0917978351425006,0.07657068999999994,256.0213000001386,0.0004202205797517595,0.7999649290420682,0.22061948766233766,0.10920229593422782,-0.08992235866150189,0.9441595161443195,0.00858569000000009,135.40769999986514,-0.0025115935006360347,0.8138175483800243,0.8860665545454545,150
942,3.494791864705882,0.03514046210750693,0.41193736026034733,1.0690590976915546,0.07502233999999997,250.9436999997124,0.0004081766732894,0.7758550268885415,0.21633522597402596,0.10576746061087762,-0.1068942339629344,0.9385373781791986,0.00841545999999993,135.25259999977425,-0.002436511340353956,0.8138175483800243,0.8856091727272727,149
943,3.495831745098039,0.03585852640738776,0.4024970034269666,1.0741364054646563,0.07503747999999999,251.01619999995455,0.0004171988447523927,0.7745885865073586,0.2262135795454545,0.11299541658332334,-0.05375418452799208,0.9578759959786152,0.008787219999999984,135.36430000001565,-0.0025951827910688004,0.7963846379629874,0.8851012272727272,148
944,3.496810354901961,0.03651409740210658,0.41076277144463624,1.0816750208673132,0.07502984999999995,250.97999999998137,0.0004255569972925179,0.7886067238225882,0.22116129285714284,0.10884212898974548,-0.11007017644732642,0.9374896801916013,0.008611079999999993,135.29209999972954,-0.0025065660539893703,0.8138175483800243,0.8846626999999999,147
945,3.495755602,0.034841422604683626,0.4019939879741332,1.055621725580276,0.07351268,246.02630000002682,0.0004130767745278968,0.7894137626224934,0.21708436461038957,0.1064779914508327,-0.10797644120398653,0.937370979199886,0.008433099999999971,135.2957999999635,-0.0024522024589059108,0.8090406251155273,0.8842505636363636,146
946,3.496778054,0.03554152869329067,0.4030073476923235,1.062037313031384,0.07351666999999995,246.04100000020117,0.0004225284058653328,0.7761866590063047,0.2263527438311688,0.11309715436329783,-0.08276370437816993,0.9464324170661115,0.00878840000000003,135.25460000010207,-0.002603538078864048,0.8138175483800243,0.8837512909090909,145
947,3.4977552559999996,0.03613603984083525,0.39032460001427793,1.0624273274928753,0.07353811999999993,246.08199999993667,0.00043002654816710656,0.7744494602571189,0.22142469090909092,0.10957470615253379,-0.07862984924518424,0.9502391987782476,0.008619839999999934,135.29900000011548,-0.0025198849882959685,0.8011615612274843,0.8832733727272727,144
948,3.4968699326530612,0.03452353848596987,0.3963608501447746,1.0398438854945868,0.07200253000000001,241.05189999984577,0.0004179400608034384,0.7922820438006861,0.226398224025974,0.11302143266501342,-0.07768077602588708,0.9516340774449554,0.008785790000000016,135.28899999987334,-0.0025988821511258196,0.8138175483800243,0.8829109272727272,143
949,3.497976626530612,0.03529663950015154,0.3944208668158389,1.04550009445627,0.07200532999999998,241.10599999967963,0.0004283338069334912,0.7887466623898207,0.22660368896103897,0.1128584397111556,-0.09222592037404098,0.9386971378998238,0.008787989999999968,135.25279999990016,-0.0026005565831983078,0.8138175483800243,0.8824032545454544,142
950,3.4990403020408163,0.03601567249351595,0.40429413005782466,1.0498070075185375,0.07202213999999996,241.12000000011176,0.0004379446461681393,0.7876962369516188,0.2217849909090909,0.10947663302598185,-0.08315010532749012,0.9387641724943877,0.008612100000000011,135.3135000001639,-0.002521336264363942,0.8138175483800243,0.8819284181818181,141
951,3.4981353625,0.034329037115597844,0.3936608629461298,1.024086585390384,0.07046772000000001,236.06999999983236,0.00042511185413486195,0.7633447643701,0.21639778603896098,0.10563546468329353,-0.09480584063328434,0.9412291391505148,0.008431550000000065,135.2972999997437,-0.0024323182066859402,0.8138175483800243,0.8813794636363635,140
952,3.500617325531915,0.03393900042583734,0.35191524660372897,1.1993706002440752,0.07040316000000002,230.4462000001222,0.0004258447734291958,0.7825558376112309,0.2264920227272727,0.11345883578061962,-0.06060378244625042,0.9588280604265222,0.008790800000000099,135.31680000014603,-0.0026058158775844127,0.8011615612274843,0.8809550818181818,139
953,3.5003014625,0.03570053588580227,0.3877470456516754,1.0384542233512806,0.07041657000000001,235.88799999980256,0.00044442453392964975,0.7864696984275995,0.22122534805194802,0.10910140965410207,-0.11570241450574992,0.938396317863339,0.008618590000000093,135.3640000000596,-0.002510841251311989,0.8138175483800243,0.8804115363636363,138
954,3.4994578638297873,0.03405179838145832,0.3860904696111591,1.0042498316171171,0.06890326000000002,230.93080000020564,0.0004314862130175559,0.7777041809072877,0.22093485589225584,0.10487469716652112,-0.14536158884126138,0.9085492086903185,0.008286360000000048,130.2316999998875,-0.0025126359899033794,0.8031149496957981,0.8799233727272726,137
955,3.5005999297872346,0.034834549884598394,0.39632907768798153,1.007864520206089,0.06887977999999995,230.86210000002757,0.00044267197689016566,0.7730102705059004,0.2259105292207792,0.11206138558971131,-0.06812619970071365,0.9515503926191299,0.008782029999999996,135.2803000002168,-0.0025778084547483622,0.8138175483800243,0.8794220454545454,136
956,3.5017911723404254,0.0355634781320834,0.3932084536071976,1.0219111754400325,0.06887465000000004,230.87999999988824,0.0004530626432945279,0.7640092737729104,0.22117072370129873,0.10841727815136604,-0.08088974455934972,0.9392514309460473,0.008592719999999998,135.2791999997571,-0.002497959349748681,0.8138175483800243,0.8790198272727272,135
957,3.5009751565217395,0.03393426709732705,0.39080543483395713,0.9862045355265249,0.06737583999999996,225.9421999999322,0.00044024343968451785,0.7754833625110309,0.21600311331168834,0.10476738260590095,-0.13234779283122888,0.9265301275002011,0.00839782,135.28120000008494,-0.0024156708286319703,0.8138175483800243,0.878416409090909,134
958,3.5020976434782596,0.03467711887196352,0.383651176505059,0.9984791709444885,0.06735861999999992,225.8965000002645,0.00045122582131343,0.7774711205541734,0.22520214967532462,0.11189714252966111,-0.05921989076783696,0.9541799674066809,0.008742090000000036,135.2463000002317,-0.0025747032650199736,0.8138175483800243,0.8778826181818181,133
959,3.503167734782609,0.0354107098380151,0.3882698402514482,0.9964823713969406,0.06732707999999998,225.7695999997668,0.0004619309183433681,0.7788752174985282,0.22009260324675323,0.10770361572934323,-0.046134917619247595,0.951060422968127,0.008563219999999983,135.2158999997191,-0.0024795153906665528,0.8138175483800243,0.8774248545454545,132
960,3.5025104844444437,0.03381953962046846,0.389926380012926,0.9715506334370725,0.06583099999999997,220.87069999985397,0.00044949957660287207,0.7524181374970905,0.21510325389610394,0.10381030201473139,-0.14320567803202655,0.9251259130834489,0.008348820000000035,135.19350000005215,-0.0023950906609776,0.8138175483800243,0.8768763909090909,131
961,3.503722768888888,0.03459552175281452,0.3861942519472543,0.9752850918712986,0.06580942999999995,220.79120000032708,0.00046155361244067057,0.7460803097569678,0.21921453134796234,0.11022053758046091,-0.07158685261379905,0.9579125699125898,0.008840499999999918,140.1929999999702,-0.002448198174938835,0.8072651338802155,0.8763495909090909,130
962,3.5029092909090918,0.03295016192238026,0.38842036440144856,0.9429605733956423,0.06428336999999995,215.80789999989793,0.00044869153873661584,0.7695237300191674,0.21800528863636365,0.10582989092778466,-0.05161125437344216,0.9513703603309313,0.008496230000000105,135.19469999987632,-0.0024371792976743377,0.8138175483800243,0.8759218999999999,129
963,3.504158145454545,0.033697608860263094,0.3852966608178896,0.9504273117694508,0.06428873999999996,215.80900000035763,0.0004597496771332096,0.7638461582619371,0.22344417993730403,0.11349775140065153,-0.0107141884404105,0.9769481314554265,0.00899762000000004,140.1987000000663,-0.002516331272000507,0.8072651338802155,0.8752662999999999,128
964,3.5055359045454533,0.034588093232787165,0.3748368522718488,0.9657139420957672,0.06430906000000003,215.91419999999925,0.0004729595671688825,0.7530139612456234,0.2225448107142857,0.10969630633414248,-0.06730868111671473,0.9585030912497249,0.008617690000000011,135.20390000008047,-0.0025217388433514017,0.7963846379629874,0.8748331909090908,127
965,3.5049019186046517,0.03310301849565885,0.38482564778710504,0.920368681424217,0.06281185,210.9879999998957,0.0004623483095163486,0.7308017370244497,0.21631549025974026,0.10445239044786683,-0.10217926662645516,0.9363625434197376,0.008399429999999986,135.23769999993965,-0.0024074998610752866,0.8138175483800243,0.8742662999999999,126
966,3.5060838627906974,0.033798195248246336,0.3801494960328564,0.9411857411547726,0.06278693000000002,210.90370000014082,0.00047325343103244024,0.7657861672231417,0.22048900815047018,0.11147044241916541,-0.024304495511343394,0.9744770208668172,0.008890869999999995,140.32199999969453,-0.0024691052861960093,0.8072651338802155,0.8737341363636363,125
967,3.507248355813953,0.03458026446116271,0.3756800165073657,0.9395517885186273,0.06277781999999998,210.85060000000522,0.0004852813910217248,0.7693082229649932,0.22002316103896105,0.10639721944257795,-0.12059788086577639,0.9282438493157082,0.008554339999999994,135.25490000005811,-0.0024537737750696354,0.8138175483800243,0.8732032818181817,124
968,3.506497383333333,0.032964432452272714,0.397044185696553,0.896456694524734,0.061208250000000075,205.75029999995604,0.00047286865405963706,0.7460775251489157,0.22393569090909088,0.11370520787941105,-0.00811873445568212,0.981297813420717,0.009035589999999982,140.23130000010133,-0.002518938179148512,0.8118773356528332,0.8727269818181818,123
969,3.507597904761905,0.03364932923888386,0.3910673496271264,0.9000900927813057,0.061212000000000044,205.75270000007004,0.0004837564599781092,0.7429604606796048,0.22432838961038962,0.11033216810032578,-0.07926029405296386,0.9504836831075183,0.008708659999999924,135.19909999985248,-0.0025390429175268722,0.8090406251155273,0.872200509090909,122
970,3.5069177512195115,0.03213143607568079,0.41785406922965906,0.8600416433196364,0.0596816,200.77130000013858,0.00047239144485741865,0.7594854165052042,0.21832616136363633,0.10574991802843309,-0.08527068833013507,0.9443791643367588,0.008487820000000035,135.21730000013486,-0.002435276127699838,0.8138175483800243,0.8716108545454545,121
971,3.5083234463414636,0.03298261323628782,0.3960261548378514,0.8711698603475453,0.059694829999999977,200.79970000032336,0.0004862440919191937,0.7596662476325243,0.22180598119122258,0.11189207324970467,-0.0012500128143826394,0.9793226666639678,0.008943319999999977,140.22429999988526,-0.002480263210902827,0.8072651338802155,0.8710590272727272,120
972,3.5098106609756106,0.03389107636578454,0.39084683865502834,0.8817590724503961,0.059713959999999955,200.84550000028685,0.000500696115085704,0.7527100952348286,0.22018351980519477,0.10665805024334195,-0.10576109446601345,0.9395198915771292,0.008575800000000022,135.1638000002131,-0.002457843855249487,0.8090406251155273,0.8705215545454545,119
973,3.50901639,0.03229186183696822,0.4225402925561572,0.8356338081657692,0.05821030999999999,195.9303999999538,0.0004874998649600039,0.7358543108978554,0.22389811912225702,0.11388233685081367,0.005764513583614406,0.9848323186457113,0.009045360000000002,140.20439999969676,-0.0025228066441537384,0.8072651338802155,0.8700318272727272,118
974,3.510377005,0.033063383324658545,0.41414895556752285,0.8459414962321257,0.05819058999999993,195.87050000019372,0.0005011257692392554,0.7263795589928861,0.22330849675324677,0.10936464672712137,-0.06516402090428874,0.9490209700166132,0.008690769999999959,135.31680000014603,-0.002516005237497567,0.8138175483800243,0.8694208727272726,117
975,3.509734346153846,0.031570880221635664,0.4568528788110324,0.7860782739855493,0.056639430000000046,190.82239999994636,0.0004900067248976218,0.7462454748685452,0.21759889025974025,0.10525426664466016,-0.06487701279417823,0.949473277713539,0.008473940000000013,135.29789999965578,-0.002421856792177115,0.8138175483800243,0.8688650909090909,116
976,3.511255138461538,0.03246887639365794,0.43368434600859107,0.7958365292574889,0.05664336999999997,190.81650000019,0.0005053178930558006,0.7462454748685452,0.2214240956112852,0.11228049269100929,0.018723869279007932,0.98864510873301,0.008920719999999993,140.19109999993816,-0.0024866554632118304,0.8072651338802155,0.8682650363636363,115
977,3.5126246307692313,0.03329023411385604,0.4077968346576579,0.8139457156549362,0.05665635999999996,190.84480000007898,0.0005196681729950456,0.7421720781218852,0.22010088376623374,0.10695889235450273,-0.06614843884527755,0.9480525243005203,0.008555289999999993,135.16070000035688,-0.0024632942828650933,0.8138175483800243,0.8677095181818182,114
978,3.5118135184210524,0.031654137874276504,0.45359988642558324,0.7544313968102282,0.055107530000000016,185.7776999999769,0.0005065314576367944,0.7194680973419396,0.2148736331168831,0.10356137914498116,-0.042093185529452626,0.9560826031456549,0.008355620000000008,135.19180000014603,-0.0023830745353576386,0.7963846379629874,0.8671747545454545,113
979,3.513294678947369,0.032563385747128644,0.4508876481382744,0.7606477983424542,0.05512123999999996,185.82599999988452,0.0005221168175013859,0.7061571489953414,0.22267278636363638,0.10913885680223474,-0.08475403252615044,0.9497044680854131,0.008670809999999918,135.24390000011772,-0.002511067664284192,0.7963846379629874,0.8665675999999999,112
980,3.5126938027027026,0.03098183410956318,0.5036169964567017,0.7015505506727765,0.05360246000000002,180.86120000015944,0.0005089187505078368,0.7380452389904972,0.2174594659090909,0.10508842009165781,-0.1088692039606407,0.939804698313048,0.008448000000000011,135.23189999954775,-0.0024199411355681944,0.8011615612274843,0.866029318181818,111
981,3.514109521621622,0.03189865404572684,0.4693299772164492,0.7174011668536275,0.05362319999999998,180.95019999984652,0.0005257620120819966,0.7320827041563024,0.22049410219435733,0.11080972330010387,0.006628214213452388,0.9800151606995517,0.008895569999999964,140.27160000009462,-0.002455005944736896,0.8118773356528332,0.8654707636363635,110
982,3.515542164864865,0.03271767389467737,0.4400907042307636,0.7332323715805221,0.05359589999999992,180.86129999998957,0.0005408247773973353,0.7157534934106473,0.2193133672077922,0.10679606807876413,-0.08918018115134263,0.9410156707511793,0.008536699999999953,135.25959999999031,-0.0024598481516732926,0.8138175483800243,0.8648481727272727,109
983,3.514774086111111,0.031151797194366563,0.5142685523462824,0.6642817744267282,0.05206948,175.8787999995984,0.0005285160257620914,0.7189637089072043,0.22329022319749212,0.11355834348037439,0.009689543453506033,0.9824384505085888,0.009008939999999965,140.30330000026152,-0.0025149488141748833,0.8118773356528332,0.864268809090909,108
984,3.5163556666666667,0.0320153070090989,0.4822206508957474,0.6776664928393493,0.052059590000000044,175.8015000000596,0.0005448761012784621,0.7375406327135811,0.22189377435064933,0.10907344481944456,-0.04753565145991212,0.9595004833044648,0.008634330000000023,135.31930000009015,-0.0025062215200290527,0.7963846379629874,0.8636939545454545,107
985,3.515742342857143,0.030514198069262286,0.5799366957678012,0.6029814914707747,0.05054831999999998,170.8623999999836,0.000532596067961414,0.720700990585993,0.21547118863636366,0.10380187682632959,-0.11677215248753026,0.9312967893712593,0.008401930000000002,135.2047999999486,-0.002393892873030865,0.8138175483800243,0.8630581909090909,106
986,3.5173640055555557,0.031685923694518135,0.5688696153597772,0.6731224706360501,0.05091470999999992,172.07789999991655,0.0005383449549047472,0.7252843111099587,0.22017441915584415,0.10727726984609369,-0.07178912871449228,0.9491133387121164,0.008575800000000022,135.21670000022277,-0.0024697811310167824,0.8090406251155273,0.862540709090909,105
987,3.518643534285714,0.032251238605607815,0.5183928896562855,0.6221140007270989,0.05052512000000009,170.788200000301,0.0005668410979473795,0.7126334161685454,0.2184947094155844,0.10609618089168767,-0.07480606192415351,0.9493235243646594,0.008499499999999993,135.22469999967143,-0.0024414273411855238,0.8138175483800243,0.8619807545454545,104
988,3.517853005882353,0.030655626712018654,0.5959952557166184,0.5585954259142791,0.04901171000000004,165.83130000019446,0.000553311935076179,0.7293416889607173,0.22580108993506487,0.11251502004962595,-0.07535472491697748,0.9512940087589946,0.008789839999999938,135.26970000006258,-0.0025877071156187397,0.8138175483800243,0.8613796636363635,103
989,3.5195549142857137,0.03178765830871862,0.5928859847635319,0.6281334375853872,0.04935855,166.9619999998249,0.0005584508325785154,0.7416679592218804,0.2171694915584415,0.10598896588726386,-0.12802052462746216,0.9337121224030486,0.00846947000000009,135.30759999994189,-0.002441078455581636,0.8090406251155273,0.8607992272727272,102
990,3.518755632352941,0.030201903333035386,0.720892821090275,0.5394363658582295,0.04781239999999998,161.87589999986812,0.000544612091911033,0.7221145592378045,0.2260223506493506,0.11269487831443631,-0.027066737674755093,0.9635690572832987,0.008789959999999986,135.2351000001654,-0.002590518362714123,0.7963846379629874,0.8602366636363635,101
991,3.520396096969697,0.030914327411932806,0.6312508167233037,0.504283268465571,0.04745608999999995,160.73950000014156,0.0005773963782966251,0.7264737781817258,0.22198264610389606,0.10950528793290189,-0.050914592153333604,0.9556120040215573,0.008652209999999938,135.25300000002608,-0.0025186819416093426,0.8138175483800243,0.8595978636363636,100
992,3.519784566666666,0.029707360779955137,0.8040495551087572,0.46467451062945886,0.04629242999999994,156.92929999995977,0.0005532568376539014,0.7379730588479364,0.2229698501567398,0.11425649677982602,0.038574838117898747,0.9954552054587179,0.00900548999999995,140.28960000025108,-0.0025272303725949402,0.8072651338802155,0.8590537818181818,99
993,3.5213334454545455,0.030531743741996287,0.740047867742406,0.48840963673311105,0.046229479999999934,156.7127999998629,0.0005705914726579375,0.7348047411826941,0.22185237824675325,0.10910575692606926,-0.09216056454749078,0.9429507360088307,0.008633620000000009,135.13349999999627,-0.002514125825094777,0.8138175483800243,0.8584990818181818,98
994,3.520681590625,0.029124071793104556,0.9002090406136589,0.37885913489120077,0.04478853999999999,152.03729999996722,0.0005597656894124326,0.733044676558101,0.2160918681818182,0.10498566353071179,-0.12214859607938777,0.9336736749981941,0.008414210000000089,135.25119999982417,-0.0024193039819372705,0.8138175483800243,0.8578125999999999,97
995,3.522476459375,0.030112223963805147,0.8103642670755802,0.4174411001199421,0.04478473000000005,152.02270000008866,0.000581199570478766,0.7133793822048803,0.2230502386363636,0.11020762405656827,-0.003591923852701573,0.9659015127596515,0.008694700000000055,135.3229000000283,-0.0025315718299175824,0.7963846379629874,0.8572513909090909,96
996,3.5238555812500003,0.030873051024429984,0.7578214530145724,0.43829630095708894,0.04467129000000003,151.62250000005588,0.0005982850436190559,0.7017524388997297,0.21779745876623371,0.10635308864540718,-0.07319927804075999,0.9501045338330931,0.008502479999999979,135.31990000000224,-0.0024457082200803615,0.8011615612274843,0.8566513909090909,95
997,3.523002764516128,0.029228468483455707,0.9549600661080464,0.32002146057582537,0.043049819999999905,146.29870000015944,0.0005835321493401317,0.6991271203427101,0.22743328474025976,0.11350786626590975,-0.07364851085846702,0.9530712501981148,0.008841749999999982,135.24589999997988,-0.002610345592130932,0.8138175483800243,0.856058,94
998,3.5248889933333336,0.030169472853816923,0.8830896062273119,0.282206399654243,0.04287803000000001,145.7642000000924,0.0006231203919162008,0.7350283575708877,0.22290433798701298,0.10999836522358641,-0.09519364310319656,0.9413796297964594,0.008666460000000042,135.21650000009686,-0.0025338161822900406,0.8138175483800243,0.8554760454545454,93
999,3.5240839033333335,0.028878051564508338,1.077462334080078,0.22402476719750244,0.041665850000000004,141.79220000002533,0.0005956348650191658,0.7276745646087142,0.2185451218855219,0.10347938988732755,-0.11092920315503152,0.9216537568375772,0.008202609999999999,130.24230000004172,-0.0024763920274786014,0.8031149496957981,0.8549121818181817,92
1000,3.5257904,0.029752460015300727,0.9920550551041827,0.2582506143152193,0.041624369999999966,141.6453999998048,0.0006162142423139842,0.6974386448957652,0.2224904214285714,0.10963555924386822,-0.07703071902451697,0.9420651868241944,0.008677299999999999,135.25510000018403,-0.0025257556593358097,0.8138175483800243,0.854316409090909,91
1001,3.527260943333333,0.030504666838050695,0.9065412297805899,0.28804548945270025,0.04157370000000005,141.50249999994412,0.000635019723609425,0.694296177773118,0.21812290551948052,0.10642505485515664,-0.09841148111136278,0.939126563296932,0.00849592999999993,135.24589999997988,-0.0024520077052550466,0.8138175483800243,0.8537600272727273,90
1002,3.5265875965517246,0.02915083049667812,1.1385560390394351,0.15729200023246012,0.04006266000000003,136.5553999999538,0.0006254923775969916,0.685069395855693,0.22138768275862064,0.11293912508695482,-0.003951788204955786,0.9810248034436296,0.008941179999999993,140.27130000013858,-0.0025013310347785454,0.8072651338802155,0.8531871181818181,89
1003,3.52807908275862,0.029939307662205414,1.0702890189980216,0.17811210325466637,0.03998994999999994,136.30549999978393,0.0006451251937477819,0.7116378991759582,0.2206778383116883,0.108689933659662,-0.09123259678854101,0.943481970148335,0.008593019999999951,135.24979999987409,-0.0025026098030575526,0.8138175483800243,0.8525480454545453,88
1004,3.527596917857143,0.028623225025584134,1.3048903977041935,0.04960531915680056,0.03853463999999995,131.5480999997817,0.0006361026265547975,0.7150398437299049,0.2149457094155844,0.1039674665871305,-0.05929570792668448,0.947325231014235,0.00835412999999996,135.20760000031441,-0.0023949743932963627,0.8138175483800243,0.8520316545454545,87
1005,3.5293418000000005,0.029589960586708475,1.1890675242588573,0.0851129717063208,0.03857303000000001,131.65810000011697,0.0006605031685086702,0.697342144876435,0.22283298668831167,0.10993071782374172,-0.09363759947327566,0.9472320754531262,0.008649110000000015,135.23290000017732,-0.002530281661881071,0.8138175483800243,0.8513071818181818,86
1006,3.5285500851851848,0.028210107375435764,1.495571290553677,-0.06510107748503301,0.03699224999999995,126.48300000000745,0.0006506593149368164,0.6823256423587429,0.21719888246753244,0.10492453583887958,-0.12460005806695529,0.9259640160919475,0.008452289999999918,135.26299999980256,-0.0024206283633232874,0.8138175483800243,0.8507396454545454,85
1007,3.530122948148148,0.029169379005551617,1.4344203167358183,-0.058048943183443676,0.03691035999999992,126.20300000021234,0.0006754745475084119,0.6823256423587429,0.22131414420062695,0.1124472518528154,0.011667965818612291,0.9837117595576941,0.008927229999999953,140.31630000006407,-0.002489594833514162,0.8072651338802155,0.8501345454545454,84
1008,3.5301347076923073,0.028075959367571717,1.6677517814471141,-0.17800968204519393,0.0355862400000001,121.88549999985844,0.0006724561619033954,0.6852921452988049,0.2174843938311688,0.1054041726026859,-0.09707402427576772,0.937747010897566,0.008465049999999974,135.27009999984875,-0.002428405057482026,0.8138175483800243,0.8496468727272727,83
1009,3.531765023076922,0.028897591914058288,1.5375013102364603,-0.13829718329491408,0.03555369999999991,121.79740000003949,0.0006953263619326473,0.7076919724278989,0.22208912539184952,0.1124200074760787,0.0052664509970239415,0.977238772501863,0.008964709999999987,140.2969000004232,-0.0024914544419932455,0.8072651338802155,0.849010509090909,82
1010,3.533177230769231,0.029599706337067207,1.3955477770189306,-0.09998194557262166,0.035420120000000055,121.34460000041872,0.0007162062181476328,0.6852921452988049,0.22161081428571427,0.10876177440958196,-0.05386652024883931,0.9548663668076383,0.008617759999999919,135.22340000001714,-0.0025028090261753223,0.8138175483800243,0.8484606272727272,81
1011,3.5325428159999994,0.02831365632154797,1.7519436503279655,-0.2657628728282462,0.03387498999999994,116.28280000016093,0.0007098728433688027,0.698718226865212,0.21631869253246752,0.1045611898855206,-0.11656005711352657,0.9334616625019618,0.00841600000000009,135.2373999999836,-0.0024102810253201564,0.8138175483800243,0.8478386272727272,80
1012,3.5340751439999996,0.029175863628192723,1.6188989343400273,-0.22744298013394687,0.033856510000000006,116.25210000015795,0.0007345083047060275,0.698718226865212,0.22037668213166148,0.11147396777714441,-0.01354521339675463,0.9723279138622801,0.008894449999999998,140.2426999998279,-0.0024724348643173667,0.8072651338802155,0.8472686454545454,79
1013,3.5333329,0.027963914236449075,2.030150260455917,-0.4166182059943443,0.03233278000000006,111.2495000003837,0.0007286912767071384,0.6978777883598203,0.2187538762987013,0.10648376921262412,-0.07242727627203172,0.9459445145765887,0.008522690000000055,135.2520999996923,-0.0024520319970622387,0.8138175483800243,0.8466178727272726,78
1014,3.5351828624999997,0.02888918978648997,1.8440159124586506,-0.3579641718465959,0.03233087000000001,111.22740000020713,0.0007564215065834237,0.7237892609882762,0.2225076489028213,0.11249904095953414,-0.010777551809922237,0.9747379711737519,0.00898223999999992,140.25359999993816,-0.0024942577028832387,0.8118773356528332,0.846054009090909,77
1015,3.534523065217392,0.02772642383002848,2.3052864785937635,-0.5586546095792057,0.030836050000000004,106.33059999998659,0.0007518458090660817,0.7282420634768283,0.22056870519480518,0.10749117640854498,-0.09436750320849097,0.9366327389802985,0.008594089999999999,135.2819000002928,-0.0024770742816044846,0.8138175483800243,0.8454510818181817,76
1016,3.5365318869565217,0.028676671207815987,2.0471189127653275,-0.47947574826444617,0.030836050000000004,106.34490000037476,0.0007833936119745087,0.7090582557494195,0.2147156262987013,0.10319311161782109,-0.13680966257653226,0.9281636230596584,0.008372420000000047,135.24879999971017,-0.002379104470721142,0.8138175483800243,0.8448608909090909,75
1017,3.538303843478261,0.029655693438204227,1.9151700494310901,-0.44504195834160126,0.030841950000000007,106.34690000023693,0.0008131109947238042,0.6966581579970053,0.22265863051948048,0.10920213919248525,-0.0024467067030822243,0.9690969854887524,0.008680099999999968,135.2198999999091,-0.0025100328824965742,0.8090406251155273,0.8442772,74
1018,3.5382929590909096,0.028776605332865184,2.2823951875137745,-0.6034515562338519,0.029551029999999923,102.14779999991879,0.00081827680757575,0.7135492087372558,0.21477189772727273,0.10279076572699941,-0.09205364668843563,0.9394468233155948,0.008385059999999944,135.21720000030473,-0.0023692293342741128,0.8138175483800243,0.8436604545454545,73
1019,3.5395191772727275,0.02934721324375149,2.0485513787141834,-0.552776196170557,0.029239059999999983,101.09929999988526,0.0008428198916904484,0.7196289292557063,0.22581955909090906,0.11081071888209477,-0.09036784708045564,0.9445493780021054,0.008776959999999945,135.20019999984652,-0.002552307423151725,0.8138175483800243,0.8430740545454545,72
1020,3.538319571428571,0.028803586704491214,2.638013897521162,-0.7909652610229206,0.027773260000000022,96.32960000028834,0.0008575356130334254,0.7276236316057497,0.21919763344155843,0.10617870512958034,-0.10075868688084855,0.9408796932273011,0.0085307899999999,135.1367999999784,-0.0024474018318974273,0.8138175483800243,0.8425016818181817,71
1021,3.540369604761905,0.02920297618497949,2.336660334393544,-0.7043404844547649,0.027715330000000038,96.13459999999031,0.0008755742257983889,0.7212544005864205,0.22408859937304076,0.11354161093284253,-0.025756866482492313,0.9711168065666729,0.00904131000000008,140.310099999886,-0.0025167057449031883,0.8072651338802155,0.8419207,70
1022,3.5395765800000007,0.028210563899448086,2.8388885873478618,-0.9086832055060359,0.026196070000000016,91.1651999996975,0.0008798812699119854,0.7059328915923739,0.22238288506493506,0.1084686383089918,-0.11413333963642724,0.9384222807741806,0.00864975999999995,135.23449999978766,-0.002498548569603791,0.8138175483800243,0.8413400999999999,69
1023,3.5413736800000004,0.029011055096138088,2.6057530497791284,-0.8451604978838441,0.026169120000000046,91.05659999977797,0.000911100017059993,0.7303389661762253,0.21719565422077922,0.10423485323872923,-0.11648218389127862,0.9342453940618269,0.008462789999999942,135.18720000004396,-0.002403445343971518,0.8138175483800243,0.8407387909090909,68
1024,3.5407525842105265,0.02817439212780649,3.099311375273013,-1.0530410504455632,0.0246463400000001,86.08009999990463,0.000922339470628817,0.7340130960555541,0.2204111774294671,0.11011993005170785,-0.017098874128681718,0.9701441807264791,0.008922819999999998,140.21080000000075,-0.0024439172865959066,0.8118773356528332,0.8401587909090908,67
1025,3.5426456263157897,0.02899793617092698,2.8532910575298676,-0.9814486772284046,0.02465271999999996,86.11169999977574,0.0009555857895289688,0.7153621676202323,0.2197492337662337,0.10583252898027971,-0.1417443713302493,0.9277050005790436,0.008561849999999982,135.19909999985248,-0.0024407934050125236,0.8090406251155273,0.8396218545454546,66
1026,3.544445621052631,0.029857330990517444,2.6650359761517173,-0.9300480228853216,0.024639069999999985,86.06570000015199,0.0009891549732445606,0.7340130960555541,0.2239744858934169,0.11254980096902163,-0.04159305368838062,0.9642412079096188,0.009044229999999986,140.22549999970943,-0.002498680429470912,0.8072651338802155,0.8390494909090909,65
1027,3.543873894444444,0.02915039016791598,3.0489658253217247,-1.1005792754163801,0.023148060000000026,81.17960000038147,0.0010102298497321582,0.7191561503081477,0.22169683376623375,0.10752292573443062,-0.08016521162237122,0.9414042985309262,0.008638150000000011,135.31850000005215,-0.002476222740577329,0.8138175483800243,0.8384324181818181,64
1028,3.5455786000000002,0.029896344981678445,2.8060811321218733,-1.0376494465345196,0.023111699999999957,81.07350000040606,0.0010433694267801775,0.7191561503081477,0.2264274871473354,0.11399383397621998,-0.056672799894403436,0.9650973445404177,0.009154620000000002,140.3607999999076,-0.002527202218148118,0.8118773356528332,0.837907409090909,63
1029,3.5448779176470593,0.029206630567609033,3.294799583789324,-1.2339211961071095,0.021574729999999986,76.0468000001274,0.001068375053044507,0.7242322808748766,0.22060782601880874,0.10941432134152415,-0.09519961013282341,0.9466229420210471,0.008907199999999893,140.3004999998957,-0.002431424222978166,0.8118773356528332,0.8373278363636363,62
1030,3.546717229411765,0.030016173541500178,3.001766105311626,-1.1609798289287412,0.02157133999999994,76.02169999992475,0.0011065581515994217,0.703387125564811,0.2197648720779221,0.10475607872502303,-0.15146731563880955,0.916518046415017,0.00856012000000006,135.18519999971613,-0.002420141617301352,0.8138175483800243,0.8366592363636363,61
1031,3.5458579749999997,0.029349007076367426,3.5001759725973196,-1.3518985475898913,0.020063759999999986,71.08059999998659,0.0011354250738983282,0.7087352805422317,0.2233566156739811,0.11109953891520874,-0.10757784943048287,0.9489695773182069,0.009025210000000006,140.1984999999404,-0.0024692162695712588,0.8072651338802155,0.8361179727272726,60
1032,3.5474849812500002,0.03022182053510822,3.095902587438464,-1.2576702813903802,0.019980250000000033,70.79589999979362,0.0011820322756109464,0.7087352805422317,0.21832773542319744,0.10715080242788753,-0.06501381249492377,0.9496332465150912,0.008824950000000054,140.21170000033453,-0.0023828698376422717,0.8118773356528332,0.8355041,59
1033,3.5495060125,0.03097269452654224,3.027308615386737,-1.2209034983920137,0.020041220000000082,71.0187999997288,0.0012142138227977002,0.7087352805422317,0.2173751097402597,0.10318701804683368,-0.14082930936620253,0.923834222074591,0.008473639999999949,135.2007999997586,-0.0023814659749379005,0.8090406251155273,0.8349848363636363,58
1034,3.5485044599999997,0.030414306553561216,3.3303157766662785,-1.371759398292755,0.018485790000000057,65.93009999999776,0.0012621027461565645,0.6922378005816023,0.22082701285266457,0.1093067272232424,-0.06772548382423738,0.9584011830560695,0.008923170000000091,140.25989999994636,-0.002426429072696418,0.8118773356528332,0.8343828818181818,57
1035,3.550810846666667,0.031212215228516523,3.182168941073857,-1.3202808859377988,0.018560289999999924,66.15769999986514,0.0012998548208753087,0.6922378005816023,0.2147918777429467,0.10434823794867001,-0.12071993984062335,0.9355372680497516,0.008690000000000087,140.21609999984503,-0.002322639320633212,0.8118773356528332,0.8337428909090908,56
1036,3.5492371285714293,0.030675574175766752,3.4297351745122935,-1.4602128288897083,0.016929450000000013,60.814100000075996,0.0013597314376181636,0.6746016897020859,0.22307638025078366,0.11050522209522577,-0.12407063903055882,0.9396553769951453,0.009027659999999993,140.23209999967366,-0.002457610034295422,0.8118773356528332,0.8331535636363636,55
1037,3.5511132071428575,0.03161535829615984,3.184436862296746,-1.3977923333905253,0.016938509999999907,60.8558999998495,0.001411326156564661,0.6746016897020859,0.21780738244514106,0.10623792415828485,-0.07446312280457246,0.9470599725552291,0.008816599999999952,140.24539999989793,-0.002362686132185537,0.8118773356528332,0.832640309090909,54
1038,3.5497885153846154,0.031028769503313233,3.56176081484068,-1.5476179581449434,0.015415969999999946,55.914900000207126,0.0014751341345131427,0.655658045441586,0.226232468338558,0.1126640491758818,-0.0917474427891225,0.9511982370222016,0.009136020000000022,140.211799999699,-0.002503630933255986,0.8118773356528332,0.8320519090909091,53
1039,3.552365338461539,0.03194004073827334,3.379165513626706,-1.490664805981136,0.015468600000000055,56.04799999995157,0.001528381847666536,0.655658045441586,0.21960213385579933,0.10733063921018529,-0.08718061967967783,0.9497599072641774,0.008890209999999898,140.2738000000827,-0.002384820201530364,0.8072651338802155,0.8314248636363636,52
1040,3.5505372666666664,0.031545765030459604,3.5669913378853817,-1.6012870973353104,0.01389742000000005,50.93559999996796,0.0016246161335135016,0.6351973509204972,0.22374569606060604,0.11366390999739232,-0.08441081179158605,0.957913494969927,0.00937325,145.25959999999031,-0.0024401078805260466,0.8177141403008146,0.8308307727272727,51
1041,3.55243525,0.03238164840855776,3.2705931100637198,-1.5258384908464013,0.013867080000000032,50.822099999990314,0.001684104097744486,0.6351973509204972,0.22240753134796235,0.10944246242936927,-0.09535305808695149,0.9429285261206873,0.008996780000000038,140.25460000010207,-0.002434329560636528,0.8118773356528332,0.830234718181818,50
1042,3.5541038583333333,0.03303484750951931,3.0932012420309816,-1.4764523553563709,0.013798110000000086,50.58770000003278,0.0017338701434157643,0.6351973509204972,0.217920763322884,0.10556069284554292,-0.1385724887502664,0.930389020701487,0.00882512000000002,140.23680000007153,-0.0023502575027809667,0.8072651338802155,0.8296885818181818,49
1043,3.5521589090909087,0.03257840688150522,3.3449642055983393,-1.5902101155742676,0.012180679999999944,45.298599999863654,0.0018646050058854658,0.6129553096878929,0.2224602415151515,0.11265034687559376,-0.030940619688422988,0.9715571846946373,0.009323300000000034,145.24629999976605,-0.002415640333525426,0.7940896309494069,0.8291495909090908,48
1044,3.5543359818181814,0.03359317040559942,3.2429310740788893,-1.556419747871636,0.01225018,45.512099999934435,0.001926114516730257,0.6129553096878929,0.2208870094043887,0.10743825209554168,-0.14164708843091534,0.9283629069952102,0.008926629999999935,140.22179999994114,-0.0023927812887416123,0.799657761850381,0.8285445545454545,47
1045,3.5520856000000003,0.033054047458737135,3.3786044576439487,-1.6340985388016285,0.010630550000000016,40.21030000038445,0.002097915631149927,0.588591910067779,0.21568948683385578,0.1040566548170004,-0.15322569123381946,0.9251933012747411,0.008731240000000029,140.21380000002682,-0.0023186124327705345,0.8118773356528332,0.8280093,46
1046,3.5536790799999998,0.03364280844482392,3.1441474039927595,-1.5673265555314306,0.01044528999999994,39.61500000022352,0.0021793329676334772,0.588591910067779,0.2206378645454545,0.11087313520242063,-0.1080825563647898,0.9536407146325535,0.009237170000000017,145.28759999992326,-0.0023796643000456234,0.8177141403008146,0.8273145818181817,45
1047,3.55534696,0.0342664014093884,2.9727275143507423,-1.5179132915104185,0.010413530000000004,39.519700000062585,0.0022378112235117375,0.588591910067779,0.21928767460815046,0.10618969329481491,-0.13939975712946806,0.9262104106169227,0.008890750000000058,140.29059999994934,-0.0023645771994360793,0.8118773356528332,0.8267704454545454,44
1048,3.552700633333333,0.033952532677364464,3.1181476547053384,-1.5919313367629406,0.008807249999999933,34.258900000248104,0.0025065294150850136,0.5616594212987628,0.22358026939393938,0.11276119476111303,-0.11336279192063037,0.9471243814391511,0.009367280000000089,145.2815999998711,-0.0024224775824787837,0.822172602014345,0.8261539181818182,43
1049,3.555193422222222,0.03472873595636538,3.033598773734248,-1.5617179589283232,0.008908040000000006,34.55920000001788,0.002557422876421149,0.5616594212987628,0.22076011974921628,0.10732824120255816,-0.15050491790012277,0.9238167603587535,0.00894129999999993,140.26059999968857,-0.002391469127375791,0.8072651338802155,0.8255658909090908,42
1050,3.556336122222222,0.035244225876261456,2.797341711061261,-1.496445828438791,0.008746389999999993,34.06179999979213,0.0026454501124063196,0.5616594212987628,0.22645062878787875,0.11492411515232133,-0.10621870601155692,0.9513702812062791,0.00947827000000001,145.27040000027046,-0.002467676208604108,0.822172602014345,0.8250089636363636,41
1051,3.5531026,0.03494138271198942,3.0188017979980692,-1.5845429315873267,0.007174430000000065,28.900100000202656,0.003034752821565521,0.5315514604066738,0.22108613969696966,0.11106738220031448,-0.08026461309271227,0.9559888607066483,0.009249689999999977,145.24699999997392,-0.00238529188300197,0.8177141403008146,0.8243964454545454,40
1052,3.554592125,0.03533328976280217,2.7876073244856254,-1.5144059952866686,0.007065350000000081,28.54869999969378,0.0031308096261220965,0.5315514604066738,0.2200230401253918,0.10679731253117632,-0.14191276847987,0.9297591250560666,0.008909940000000005,140.22679999982938,-0.00237787302534246,0.8118773356528332,0.823867809090909,39
1053,3.5568493749999996,0.036048387770873894,2.7378866385451035,-1.493756538357319,0.0071448100000000014,28.815299999900162,0.003182612200335858,0.5315514604066738,0.2228487545454545,0.11214792779862887,-0.09692646812804595,0.9525740003529323,0.009342370000000044,145.20989999966696,-0.002409639575199168,0.822172602014345,0.8232762636363635,38
1054,3.5522890714285715,0.03552661289004407,2.8798457953813674,-1.5590334900527227,0.005421580000000037,23.169900000095367,0.0,0.4974178695665278,0.2186748145454545,0.10863453483398063,-0.08564644609927852,0.949997764293876,0.009171599999999946,145.22729999991134,-0.002334894761893717,0.8177141403008146,0.8227155454545454,37
1055,3.553825157142857,0.035822463505871906,2.7808311919910214,-1.5250322256601305,0.005323230000000012,22.874400000087917,0.0,0.4974178695665278,0.21772916645768023,0.10426828260302258,-0.16515031293687654,0.9206572362388894,0.008818149999999969,140.27160000009462,-0.0023234196387074573,0.7950455600777633,0.822124809090909,36
1056,3.5553161714285713,0.0361158592069889,2.7663432464696864,-1.511704636300073,0.005235309999999993,22.560500000137836,0.0,0.4974178695665278,0.22549813699059557,0.11016581458603686,-0.1575226654334272,0.9234469503894877,0.009135660000000101,140.3029999998398,-0.0024532879429957277,0.8118773356528332,0.8215167818181818,35
1057,3.556542457142857,0.03652744644354694,2.785982821819223,-1.5133591328258487,0.0050453499999999485,21.943500000052154,0.0,0.4974178695665278,0.21714899999999998,0.10753398060486312,-0.1072108626715984,0.9469098846143463,0.009104790000000085,145.21779999975115,-0.00231150557534865,0.8177141403008146,0.8209346636363636,34
1058,3.5574661428571424,0.03629163836504947,2.741869873473232,-1.5004532091823113,0.004747509999999955,20.966299999970943,0.0,0.4974178695665278,0.21668071880877743,0.10407464810551653,-0.10864097599683387,0.9330218058702274,0.008795259999999971,140.2412999998778,-0.00231806747455652,0.8118773356528332,0.8203761727272727,33
1059,3.5530295499999998,0.03575521338477789,3.0538213850324816,-1.6283507131319794,0.0032223499999999294,15.961199999786913,0.0,0.45801353078493934,0.2216888624242424,0.11107848582606539,-0.04542558875716818,0.9642313359837419,0.009277050000000009,145.18690000008792,-0.0023850176596896047,0.8177141403008146,0.8198104090909091,32
1060,3.5543790000000004,0.03594746951973124,3.024093104910298,-1.621958327313117,0.003060399999999963,15.434499999973923,0.0,0.45801353078493934,0.22038534796238246,0.10648694953318949,-0.10388398289492162,0.939217062948289,0.008916020000000024,140.20569999981672,-0.0023697790814190853,0.8118773356528332,0.8191653272727272,31
1061,3.55598625,0.03614104437908502,3.0423514673786585,-1.6290897231262844,0.002950490000000028,15.09029999980703,0.0,0.45801353078493934,0.21506613385579934,0.10287120735759682,-0.12557527961255177,0.9269746408129771,0.008694229999999914,140.17750000022352,-0.002293466991712618,0.8072651338802155,0.8185685727272727,30
1062,3.5566032666666665,0.03616080388164325,3.077353792715126,-1.636342012549938,0.0027064700000000164,14.302900000009686,0.0,0.45801353078493934,0.2217973661442006,0.10840175589179761,-0.08784524910100089,0.9444150946884775,0.008952319999999903,140.24249999970198,-0.002411094194271741,0.8118773356528332,0.8178673545454545,29
1063,3.558279833333333,0.03620295949442075,3.0709463527618723,-1.6331506871251842,0.0026062700000000216,13.954400000162423,0.0,0.45801353078493934,0.21430090971786833,0.10239558893804765,-0.10351004317350787,0.9334588368832708,0.008691549999999992,140.24000000022352,-0.002280462174284212,0.8072651338802155,0.8173804363636363,28
1064,3.5601763666666666,0.036587404598777754,3.1158092725429025,-1.6496562268882617,0.0025207999999999897,13.68390000006184,0.0,0.45801353078493934,0.21703765363636363,0.1081937480430624,0.04138538663427882,0.9900952622541128,0.009102399999999955,145.2208000002429,-0.0023176429011564463,0.8059018856251107,0.8167575181818181,27
1065,3.56073425,0.036326851373316135,3.110027893539222,-1.6442906865070024,0.0022878600000000304,12.920600000303239,0.0,0.45801353078493934,0.2157704721003135,0.10392407501191686,-0.02310017451294666,0.958816684743147,0.008721109999999976,140.22839999990538,-0.0023095726364171613,0.8118773356528332,0.8161735545454545,26
1066,3.55563214,0.036365875644799275,3.1849951852180087,-1.7089191343401449,0.0012941300000000044,9.660499999765307,0.0,0.41140808993222105,0.2120737581168831,0.09790216758823865,-0.05243996784983995,0.9422506919188769,0.008294110000000021,135.25,-0.002257066582511121,0.8138175483800243,0.8155124818181817,25
1067,3.5576109799999998,0.03667223887195868,3.23331488627079,-1.7224047440315542,0.001254739999999921,9.5331999999471,0.0,0.41140808993222105,0.21413165736677114,0.10379114961242772,0.16088480916738224,1.0095211915158258,0.008652679999999968,140.32070000004023,-0.0022957905379623585,0.8072651338802155,0.8148886363636363,24
1068,3.5749819,0.012990228673378677,-1.1802579788214018,-0.014217760531688781,0.0011543099999999917,3.8518999996595085,0.0,0.35436764027111584,0.21024971850649352,0.09818431217107554,0.08318219418679584,0.9851910547341906,0.008183420000000052,135.27989999996498,-0.002254059437968402,0.8138175483800243,0.8143285727272727,23
1069,3.5601607399999997,0.036733939268719915,3.2496603962420725,-1.7277943460091707,0.0010719900000000226,8.936499999836087,0.0,0.41140808993222105,0.2107282698051948,0.09945914753010532,0.28471206225847556,1.0340698706124187,0.008199270000000092,135.2129000001587,-0.002275915991386085,0.8011615612274843,0.8137125363636364,22
1070,3.5625470399999997,0.03720595897598924,3.177193978700932,-1.7115853512847627,0.0010866499999999668,8.983300000429153,0.0,0.41140808993222105,0.2052818538720539,0.09219960504950404,0.15058735263135326,0.993402494081364,0.007699250000000046,130.2007999997586,-0.002195779519987593,0.8031149496957981,0.8130892818181817,21
1071,3.5568676,0.038615791563642386,3.0894391545489057,-1.7219013407322545,0.0004644999999999788,6.950299999676645,0.0,0.35436764027111584,0.20696443538961037,0.10031444436838542,0.8182600951485837,1.1751532615859552,0.007999480000000059,135.19199999980628,-0.0022670814737830334,0.8011615612274843,0.8124906909090909,20
1072,3.558631175,0.0387801165492811,3.108070522342082,-1.7278384482358382,0.0004426800000000286,6.883899999782443,0.0,0.35436764027111584,0.2014913094276094,0.09379943053394092,0.8138891082629311,1.1627626182842723,0.007511920000000005,130.24130000034347,-0.0022003592787214355,0.7899902222783495,0.811878609090909,19
1073,3.5600655000000003,0.03867174127335541,3.1339505102009397,-1.734181198812114,0.0003833799999999332,6.680700000375509,0.0,0.35436764027111584,0.19560947587412586,0.08528049560569793,0.5623957964791648,1.087981773638353,0.007036260000000016,125.32640000013635,-0.002090886956959758,0.7919532916997073,0.8112231181818181,18
1074,3.5619799999999997,0.03906979268923759,3.1215141275087817,-1.7312390564559168,0.00037162999999995616,6.654399999883026,0.0,0.35436764027111584,0.21743452188552187,0.1144157205578382,0.9504366392386911,1.3138611582066533,0.009777550000000024,148.91440000012517,-0.002531385355264441,0.7899902222783495,0.810606809090909,17
1075,3.5645416,0.03970471162385305,3.12763363563041,-1.7350210883360768,0.00039101000000008046,6.7143000001087785,0.0,0.35436764027111584,0.23682269373040749,0.129800935737259,-0.4869833553508931,0.9498052654058922,0.009639919999999913,147.8695000000298,-0.0026734090281250503,0.8072651338802155,0.8100035,16
1076,3.5560714333333334,0.04214827513924294,-1.5000000000000002,-1.5988492742961222,1.8540000000011325e-05,5.669499999843538,0.0,0.2808297106493814,0.2713598823529411,0.14538582394484606,-1.5559511948037064,0.418497268239307,0.009891280000000058,149.98059999989346,-0.0028139278271661224,0.8349466982741814,0.8094092363636363,15
1077,3.5590116,0.043228320191628936,-1.5000000000000218,-1.601662803076436,7.75499999999818e-05,5.683199999853969,0.0,0.2808297106493814,0.2772586606060605,0.14201279138195821,-1.6860525585422503,0.2352160177927963,0.009769549999999905,149.70669999998063,-0.0027458155127384524,0.872937494556257,0.8087444272727272,14
1078,3.559684933333333,0.04264650528534931,-1.5000000000000226,-1.6251588863361826,1.9779999999913755e-05,5.639899999834597,0.0,0.2808297106493814,0.28665092983682977,0.1404223478130584,-1.6913865864411524,0.06822871696987463,0.009907360000000032,151.58279999997467,-0.0027007568083153364,0.8785400716542338,0.8082326999999999,13
1079,3.5617372333333335,0.043117723808236086,-1.5,-1.6214872205084865,1.799999999996249e-05,5.635900000110269,0.0,0.2808297106493814,0.28809079201773835,0.13597742939437918,-1.6091791742857007,-0.009288177501837315,0.009982469999999966,152.85339999990538,-0.0026227094353061422,0.8941505626304016,0.8075447,12
1080,3.5491934,0.04900023719452798,-2.0,0.0,1.9779999999913755e-05,5.41440000012517,0.0,0.17718382013555792,0.2936075251585624,0.13114367807943428,-1.4671435707700364,-0.07872516385503465,0.009856940000000036,150.20599999977276,-0.0026040699802841708,0.9171302240547865,0.8069122363636363,11
1081,3.5508241500000004,0.05011697093405586,-2.0,-1.8803894176984666e-14,2.009000000002814e-05,5.412099999841303,0.0,0.17718382013555792,0.2890133185858586,0.1277267263197377,-1.3623543115895804,-0.05568577942622703,0.009938409999999953,153.7996999998577,-0.0025049388370654993,0.9228461847191478,0.8062435272727273,10
1082,3.5532589000000003,0.05177987395137239,-2.0,-1.822326742877113e-14,2.8249999999951925e-05,5.459800000302494,0.0,0.17718382013555792,0.2915828239130435,0.12608335096389064,-1.2708642129324978,-0.04226634634315853,0.01003664999999998,153.7055999999866,-0.0025015944291074616,0.9324639420072968,0.8056468818181817,9
1083,3.5538797,0.050831785179157526,-2.0,0.0,1.721999999992896e-05,5.396499999798834,0.0,0.17718382013555792,0.29302188352272723,0.12484007287876685,-1.249083862917159,-0.016464896221634908,0.010042960000000045,154.3456999999471,-0.0023971191750608487,0.9424824975867672,0.8050871999999999,8
1084,3.5555725000000002,0.05121348141964193,-2.0,-1.840653731646332e-14,1.914000000002858e-05,5.416800000239164,0.0,0.17718382013555792,0.28914895738636365,0.12142439177509073,-1.2363354613679765,0.01459665647333202,0.009944549999999941,154.1571999997832,-0.0023215620320520486,0.9498651567590821,0.8044456363636363,7
1085,3.55713225,0.052218916551811066,-2.0,0.0,2.0920000000090866e-05,5.429599999915808,0.0,0.17718382013555792,0.29073813868471954,0.11827566831015966,-1.2261448516380893,0.025766471266484393,0.009892879999999993,152.19989999989048,-0.0022882127134251865,0.9464845868874009,0.8038099818181818,6
1086,3.5211816,0.0,0.0,0.0,0.0,0.0,0.0,0.0,0.29055332263450834,0.11929319661295688,-1.238967252734954,0.11572938836430721,0.010120149999999994,155.56359999999404,-0.0023009260035978096,0.9442117905228962,0.8031687909090909,5
1087,3.5220437,0.0,0.0,0.0,0.0,0.0,0.0,0.0,0.29039098894830656,0.12198290139121513,-1.2829078069478312,0.12669834787695983,0.01030123000000005,162.877400000114,-0.001959812907191477,0.9633716809041267,0.8025391,4
1088,3.5227618,0.0,0.0,0.0,0.0,0.0,0.0,0.0,0.2810073861063464,0.12478731061236646,-1.3032201628057418,0.1884266005221616,0.01062017000000004,172.68720000004396,-0.0019295300177891613,0.9480330086530305,0.8018851272727272,3
1089,0.0,0.0,0.0,0.0,0.0,0.0,0.0,0.0,0.27915504825174825,0.1232213612465404,-1.305226876167066,0.16879281072773106,0.010967189999999905,191.81229999987409,-0.0017626034809320533,0.966564922385152,0.8012552727272726,2
1090,3.5241237,0.0,0.0,0.0,0.0,0.0,0.0,0.0,0.2744373174688056,0.12270131186604552,-1.2726937001043679,0.2165178368884907,0.011477529999999958,215.00520000001416,-0.001975783770023383,0.9511780467260298,0.8006822545454545,1
1091,3.5246196,0.0,0.0,0.0,0.0,0.0,0.0,0.0,0.27179444705882355,0.12297634019752678,-1.2755152720120921,0.22197278506478724,0.012086460000000021,248.54689999995753,-0.001797573127978633,0.9494749106974165,0.8001063636363636,0
